[gd_scene load_steps=90 format=3 uid="uid://bbc2qfox0hdai"]

[ext_resource type="PackedScene" uid="uid://bej35ui0rcag0" path="res://Assets/maps/map_1.blend" id="1_angmx"]
[ext_resource type="Script" uid="uid://bvacm0lb0f1hg" path="res://src/levels/level_balls/level_balls.gd" id="1_by7g0"]
[ext_resource type="PackedScene" uid="uid://cbtk71x3cwrx6" path="res://src/scenes/torch/torch_metal.tscn" id="2_xcwim"]
[ext_resource type="PackedScene" uid="uid://cxjt5lc0qgonq" path="res://Assets/Packs/fantasyprops/Chandelier.gltf" id="3_no0h4"]
[ext_resource type="PackedScene" uid="uid://bsxjsfvyuuoyw" path="res://src/scenes/portal/portal.tscn" id="3_qdqvf"]
[ext_resource type="PackedScene" uid="uid://cmaa14s8ulnus" path="res://Assets/Packs/fantasyprops/Chest_Wood.gltf" id="4_la4ae"]
[ext_resource type="PackedScene" uid="uid://cp5df2wohkk8p" path="res://Assets/models/wood_beam.glb" id="6_wu35s"]
[ext_resource type="PackedScene" uid="uid://c17131quqte6e" path="res://src/scenes/objets/crate.tscn" id="7_8f7r2"]
[ext_resource type="PackedScene" uid="uid://c37l6k3l2f58s" path="res://src/scenes/objets/planche.tscn" id="7_b8uio"]
[ext_resource type="PackedScene" uid="uid://dcvjhvos6kym8" path="res://Assets/Packs/fantasyprops/Table_Large.gltf" id="7_oovwa"]
[ext_resource type="PackedScene" uid="uid://00n18ca1dd4y" path="res://src/scenes/objets/crate_metal.tscn" id="8_b8uio"]
[ext_resource type="PackedScene" uid="uid://ilomhrdjyc5x" path="res://Assets/Packs/fantasyprops/SmallBottles_1.gltf" id="8_brfql"]
[ext_resource type="PackedScene" uid="uid://3b4ilcyyyero" path="res://Assets/Packs/fantasyprops/Scroll_2.gltf" id="9_x5ud1"]
[ext_resource type="PackedScene" uid="uid://dlaweh6gwj5ad" path="res://Assets/Packs/fantasyprops/Barrel.gltf" id="10_7u65c"]
[ext_resource type="PackedScene" uid="uid://w8b204f382bg" path="res://Assets/Packs/fantasyprops/Rope_2.gltf" id="10_gs6ep"]
[ext_resource type="PackedScene" uid="uid://cimc4oqi1kuqq" path="res://Assets/Packs/fantasyprops/Bag.gltf" id="11_gul2x"]
[ext_resource type="PackedScene" uid="uid://bqeqtlrpuh6ok" path="res://Assets/Packs/fantasyprops/Pot_1_Lid.gltf" id="11_n18wr"]
[ext_resource type="PackedScene" uid="uid://do0cj7ukgjhtm" path="res://Assets/Packs/fantasyprops/Pot_1.gltf" id="12_l628x"]
[ext_resource type="PackedScene" uid="uid://dk2274l4w31g7" path="res://Assets/Packs/fantasyprops/Barrel_Apples.gltf" id="12_ww145"]
[ext_resource type="PackedScene" uid="uid://crgo0b4waabhs" path="res://Assets/Packs/fantasyprops/Vase_Rubble_Medium.gltf" id="13_3yrqp"]
[ext_resource type="PackedScene" uid="uid://dyqw7qw8os4rv" path="res://Assets/Packs/fantasyprops/Cauldron.gltf" id="13_u3moy"]
[ext_resource type="PackedScene" uid="uid://d0dn28fh6b1it" path="res://Assets/Packs/fantasyprops/Potion_4.gltf" id="14_nsggs"]
[ext_resource type="PackedScene" uid="uid://bpxgknwsf1uwc" path="res://Assets/Packs/fantasyprops/Potion_1.gltf" id="15_jhawb"]
[ext_resource type="PackedScene" uid="uid://0x2x4umnrne3" path="res://Assets/Packs/fantasyprops/Potion_2.gltf" id="16_vvxhi"]
[ext_resource type="PackedScene" uid="uid://b1fe58wrgw4ll" path="res://Assets/Packs/fantasyprops/Mug.gltf" id="17_lqam3"]
[ext_resource type="PackedScene" uid="uid://huxfne4xebd" path="res://Assets/Packs/fantasyprops/Key_Metal.gltf" id="18_itntr"]
[ext_resource type="PackedScene" uid="uid://ckdn6cxj3eupt" path="res://Assets/Packs/fantasyprops/FarmCrate_Empty.gltf" id="19_uaple"]
[ext_resource type="PackedScene" uid="uid://ca2qfyl2aown2" path="res://Assets/Packs/fantasyprops/Stool.gltf" id="20_t22b2"]
[ext_resource type="PackedScene" uid="uid://cbarvvwcbwygx" path="res://Assets/Packs/fantasyprops/Shelf_Small_Bottles.gltf" id="21_8o2ev"]
[ext_resource type="PackedScene" uid="uid://safahw52kalv" path="res://Assets/Packs/fantasyprops/WeaponStand.gltf" id="22_0y2vo"]
[ext_resource type="PackedScene" uid="uid://bsjstu2mp6nvv" path="res://Assets/Packs/fantasyprops/Sword_Bronze.gltf" id="23_peyjm"]
[ext_resource type="PackedScene" uid="uid://bed0uh5esvw7l" path="res://Assets/Packs/fantasyprops/Vase_4.gltf" id="26_w64br"]
[ext_resource type="PackedScene" uid="uid://dyy0qrfldssku" path="res://Assets/Packs/fantasyprops/Shelf_Arch.gltf" id="27_wcd0w"]
[ext_resource type="PackedScene" uid="uid://d2wrb13g232i4" path="res://Assets/Packs/fantasyprops/Candle_2.gltf" id="28_662um"]
[ext_resource type="PackedScene" uid="uid://b8tmlfor1t7tq" path="res://Assets/Packs/fantasyprops/Bottle_1.gltf" id="29_5b58n"]
[ext_resource type="PackedScene" uid="uid://wxjjjbxvkrsi" path="res://Assets/Packs/fantasyprops/Scroll_1.gltf" id="30_pqiru"]
[ext_resource type="PackedScene" uid="uid://bkf1h1iqiyfoy" path="res://Assets/Packs/fantasyprops/Cabinet.gltf" id="33_jhawb"]
[ext_resource type="PackedScene" uid="uid://bxkgx331cq3ei" path="res://src/scenes/objets/book_72.tscn" id="34_kf4pe"]
[ext_resource type="PackedScene" uid="uid://2mamha1gjdph" path="res://Assets/Packs/fantasyprops/Cage_Small.gltf" id="34_vvxhi"]
[ext_resource type="PackedScene" uid="uid://bqqd02gls78x3" path="res://Assets/Packs/fantasyprops/Workbench.gltf" id="35_lqam3"]
[ext_resource type="PackedScene" uid="uid://dapcuwulcnmhk" path="res://src/scenes/objets/candle_stick_triple_2.tscn" id="35_rp16d"]
[ext_resource type="PackedScene" uid="uid://wv3pn5252ejo" path="res://src/scenes/objets/chalice_2.tscn" id="36_by7g0"]
[ext_resource type="PackedScene" uid="uid://bq85wj0jmfasq" path="res://Assets/Packs/fantasyprops/Whetstone.gltf" id="36_itntr"]
[ext_resource type="PackedScene" uid="uid://cdhwgi68fnjii" path="res://Assets/Packs/fantasyprops/Stall_Cart_Empty.gltf" id="37_uaple"]
[ext_resource type="PackedScene" uid="uid://dx6fo4qqqg0bj" path="res://src/scenes/enemies/dummy/dummy.tscn" id="37_ycwpw"]
[ext_resource type="PackedScene" uid="uid://c0j5fjct23x1t" path="res://Assets/Packs/fantasyprops/Banner_1_Cloth.gltf" id="38_t22b2"]
[ext_resource type="PackedScene" uid="uid://dtsf3m5jrlic2" path="res://Assets/Packs/fantasyprops/Anvil_Log.gltf" id="39_8o2ev"]
[ext_resource type="PackedScene" uid="uid://dqwjrt3lnh2p6" path="res://src/scenes/strategy_balls_and_wand/wand/wand.tscn" id="40_1n23o"]
[ext_resource type="PackedScene" uid="uid://b5uxtowmvrtds" path="res://Assets/Packs/fantasyprops/Chain_Coil.gltf" id="40_662um"]
[ext_resource type="PackedScene" uid="uid://0c8nxaqvgixs" path="res://Assets/Packs/fantasyprops/Key_Gold.gltf" id="41_5b58n"]
[ext_resource type="PackedScene" uid="uid://bllnso1625xma" path="res://Assets/Packs/fantasyprops/Banner_2_Cloth.gltf" id="41_m27qg"]
[ext_resource type="PackedScene" uid="uid://bcfo6ry7vsy2h" path="res://Assets/Packs/fantasyprops/Pickaxe_Bronze.gltf" id="42_pqiru"]
[ext_resource type="PackedScene" uid="uid://b5teax0lqtyxh" path="res://Assets/Packs/fantasyprops/Stall_Empty.gltf" id="46_0y2vo"]
[ext_resource type="PackedScene" uid="uid://4rwk2747m1ef" path="res://Assets/Packs/fantasyprops/Table_Plate.gltf" id="50_6m702"]
[ext_resource type="PackedScene" uid="uid://bjame2c3fnjlb" path="res://src/scenes/electrodoor/elctrodoor.tscn" id="50_vvxhi"]
[ext_resource type="Texture2D" uid="uid://1b04a6ssvv3k" path="res://Assets/textures/glyphe_thunder.png" id="51_8o2ev"]
[ext_resource type="Texture2D" uid="uid://c76r0cmb81byg" path="res://Assets/textures/glyphe_light.png" id="52_0y2vo"]
[ext_resource type="Texture2D" uid="uid://cc61oociq8xfa" path="res://Assets/textures/glyphe_grav.png" id="53_peyjm"]
[ext_resource type="Texture2D" uid="uid://3eaoa4uicqch" path="res://Assets/textures/glyphe_fire.png" id="54_w64br"]
[ext_resource type="FontFile" uid="uid://bfe4fktkasx54" path="res://Assets/police/ancient/Ancient Medium.ttf" id="55_wcd0w"]
[ext_resource type="PackedScene" uid="uid://55e7hiutp5n2" path="res://Assets/Packs/fantasyprops/Rope_1.gltf" id="59_kf4pe"]
[ext_resource type="PackedScene" uid="uid://dsxaq4fuqfsfm" path="res://Assets/Packs/fantasyprops/Rope_3.gltf" id="60_rp16d"]
[ext_resource type="PackedScene" uid="uid://hcm7pj5n4oj0" path="res://Assets/Packs/fantasyprops/Pouch_Large.gltf" id="61_5b58n"]
[ext_resource type="Texture2D" uid="uid://djoavbxmeeu34" path="res://Assets/textures/rune_thunder.png" id="61_nb02v"]
[ext_resource type="Texture2D" uid="uid://xukj5vhci82s" path="res://Assets/textures/rune_light.png" id="62_1n23o"]
[ext_resource type="PackedScene" uid="uid://be0jub8aexof5" path="res://Assets/Packs/fantasyprops/FarmCrate_Apple.gltf" id="62_kf4pe"]
[ext_resource type="Texture2D" uid="uid://byowseng8c5ux" path="res://Assets/textures/rune_antigrav.png" id="63_m27qg"]
[ext_resource type="PackedScene" uid="uid://b2kkplic75mwk" path="res://Assets/Packs/fantasyprops/FarmCrate_Carrot.gltf" id="63_rp16d"]
[ext_resource type="PackedScene" uid="uid://qvxvrh1imwtv" path="res://Assets/Packs/fantasyprops/SmallBottle.gltf" id="64_rp16d"]
[ext_resource type="Texture2D" uid="uid://dmivry5fjh17t" path="res://Assets/textures/rune_explode.png" id="64_ycwpw"]
[ext_resource type="PackedScene" uid="uid://q2ddqvpmfr2x" path="res://src/scenes/character/character.tscn" id="71_02kv4"]

[sub_resource type="ProceduralSkyMaterial" id="ProceduralSkyMaterial_37yji"]
sky_top_color = Color(0.33646625, 0.40749058, 0.42967212, 1)

[sub_resource type="Sky" id="Sky_qdqvf"]
sky_material = SubResource("ProceduralSkyMaterial_37yji")

[sub_resource type="Environment" id="Environment_05cjr"]
background_mode = 2
sky = SubResource("Sky_qdqvf")
tonemap_mode = 3
glow_enabled = true
volumetric_fog_enabled = true
volumetric_fog_emission_energy = 0.0
volumetric_fog_sky_affect = 0.0
adjustment_enabled = true
adjustment_contrast = 1.1
adjustment_saturation = 1.39

[sub_resource type="BoxShape3D" id="BoxShape3D_by7g0"]
size = Vector3(0.080322266, 0.08517456, 2.0327148)

[sub_resource type="Gradient" id="Gradient_662um"]
offsets = PackedFloat32Array(0.068292685, 0.70731705)
colors = PackedColorArray(0.44131792, 0.2583551, 4.813075e-08, 1, 0.9596419, 0.90520376, 1.540184e-06, 1)

[sub_resource type="FastNoiseLite" id="FastNoiseLite_5b58n"]
fractal_octaves = 10
fractal_lacunarity = 3.0

[sub_resource type="NoiseTexture2D" id="NoiseTexture2D_05k6y"]
noise = SubResource("FastNoiseLite_5b58n")
color_ramp = SubResource("Gradient_662um")

[sub_resource type="StandardMaterial3D" id="StandardMaterial3D_pqiru"]
albedo_color = Color(0.47230828, 0.22607514, 0, 1)
albedo_texture = SubResource("NoiseTexture2D_05k6y")
uv1_scale = Vector3(3, 3, 3)

[sub_resource type="BoxMesh" id="BoxMesh_kf4pe"]

[sub_resource type="Gradient" id="Gradient_02kv4"]
offsets = PackedFloat32Array(0.068292685, 0.70731705)
colors = PackedColorArray(0.44131792, 0.2583551, 4.813075e-08, 1, 0.9596419, 0.90520376, 1.540184e-06, 1)

[sub_resource type="FastNoiseLite" id="FastNoiseLite_s7kqh"]

[sub_resource type="NoiseTexture2D" id="NoiseTexture2D_ouxsx"]
noise = SubResource("FastNoiseLite_s7kqh")
color_ramp = SubResource("Gradient_02kv4")

[sub_resource type="StandardMaterial3D" id="StandardMaterial3D_d8ctc"]
albedo_color = Color(0.55581766, 0.28437915, 0, 1)
albedo_texture = SubResource("NoiseTexture2D_ouxsx")

[sub_resource type="BoxMesh" id="BoxMesh_h3jnm"]
size = Vector3(0.015, 1.255, 0.315)

[sub_resource type="StandardMaterial3D" id="StandardMaterial3D_a4sha"]
albedo_color = Color(0, 0, 0, 1)
uv1_scale = Vector3(0.39, 0.39, 0.39)
uv1_offset = Vector3(0.31, 0.335, 0)

[sub_resource type="QuadMesh" id="QuadMesh_p5csj"]
size = Vector2(1.62, 1.18)

[sub_resource type="BoxShape3D" id="BoxShape3D_nb02v"]
size = Vector3(1, 8.617249, 13.140747)

[sub_resource type="BoxShape3D" id="BoxShape3D_6m702"]
size = Vector3(1, 2.9550781, 6.3154297)

[node name="LevelBalls" type="Node3D"]
script = ExtResource("1_by7g0")

[node name="map_1" parent="." instance=ExtResource("1_angmx")]
transform = Transform3D(1, 0, 0, 0, 1, 0, 0, 0, 1, 8.153505, 0, 0.78262794)

[node name="WorldEnvironment" type="WorldEnvironment" parent="."]
environment = SubResource("Environment_05cjr")

[node name="DirectionalLight3D" type="DirectionalLight3D" parent="."]
transform = Transform3D(0.9289002, -0.038722944, 0.36830035, -0.31665015, -0.5987568, 0.7356788, 0.19203459, -0.79999447, -0.56844676, 0, 0, 0)
shadow_enabled = true

[node name="torchs" type="Node3D" parent="."]

[node name="Torch_Metal2" parent="torchs" instance=ExtResource("2_xcwim")]
transform = Transform3D(0.16759478, 0, -0.98585606, 0, 1, 0, 0.98585606, 0, 0.16759478, -10.270525, 0.88340193, 3.8380451)

[node name="Torch_Metal12" parent="torchs" instance=ExtResource("2_xcwim")]
transform = Transform3D(0.99522746, 0, 0.09758298, -0.0047907215, 0.9987942, 0.048859518, -0.097465314, -0.04909382, 0.99402744, -15.800267, 6.206487, -11.831659)

[node name="Torch_Metal10" parent="torchs" instance=ExtResource("2_xcwim")]
transform = Transform3D(0.99854624, 0, 0.053904638, 0, 1, 0, -0.053904638, 0, 0.99854624, -5.8234653, 2.2192721, 2.9947379)

[node name="Torch_Metal11" parent="torchs" instance=ExtResource("2_xcwim")]
transform = Transform3D(-0.99990237, 0, -0.013979821, 0, 1, 0, 0.013979821, 0, -0.99990237, 1.9410951, 1.8648081, 8.070067)

[node name="Torch_Metal3" parent="torchs" instance=ExtResource("2_xcwim")]
transform = Transform3D(0.11485049, 0, 0.9933829, 0, 1, 0, -0.9933829, 0, 0.11485049, -18.368612, 0.563029, 5.2386026)

[node name="Torch_Metal4" parent="torchs" instance=ExtResource("2_xcwim")]
transform = Transform3D(0.114559844, -0.07109703, 0.990869, 0.00816553, 0.9974694, 0.07062658, -0.9933828, 0, 0.114850484, -17.90146, 0.5327985, 11.520075)

[node name="Torch_Metal7" parent="torchs" instance=ExtResource("2_xcwim")]
transform = Transform3D(-0.053598486, -0.0700908, 0.99609965, 0.008165532, 0.9974694, 0.07062659, -0.99852914, 0.0119191585, -0.052890524, -23.783285, 4.0373707, 6.1081166)

[node name="Torch_Metal5" parent="torchs" instance=ExtResource("2_xcwim")]
transform = Transform3D(0.14507122, -0.019495856, 0.9892291, 0.00068019825, 0.99980766, 0.01960462, -0.9894209, -0.002171192, 0.14505656, -14.746578, 5.059826, 16.20957)

[node name="Torch_Metal6" parent="torchs" instance=ExtResource("2_xcwim")]
transform = Transform3D(-0.9746332, -0.007858518, 0.22366974, 0.008165533, 0.9974694, 0.07062658, -0.22365874, 0.070661366, -0.97210276, -19.190542, 4.4678726, 21.271635)

[node name="Torch_Metal13" parent="torchs" instance=ExtResource("2_xcwim")]
transform = Transform3D(-0.8527223, 0, -0.5223647, 0, 1, 0, 0.5223647, 0, -0.8527223, -10.176813, 0.90757924, 10.359684)

[node name="StaticProps" type="Node3D" parent="."]

[node name="Barrel2" parent="StaticProps" instance=ExtResource("10_7u65c")]
transform = Transform3D(1, 0, 0, 0, 1, 0, 0, 0, 1, -17.457321, -1.1310623, 1.5050763)

[node name="Barrel3" parent="StaticProps" instance=ExtResource("10_7u65c")]
transform = Transform3D(1, 0, 0, 0, 1, 0, 0, 0, 1, -17.14482, -1.2025281, 0.865861)

[node name="Barrel4" parent="StaticProps" instance=ExtResource("10_7u65c")]
transform = Transform3D(1, 0, 0, 0, 1, 0, 0, 0, 1, -17.897722, -1.1658789, 0.91785216)

[node name="Bag2" parent="StaticProps" instance=ExtResource("11_gul2x")]
transform = Transform3D(1, 0, 0, 0, 0.9483458, 0.31723845, 0, -0.31723845, 0.9483458, -17.540323, -0.32129794, 0.7258934)

[node name="Barrel_Apples2" parent="StaticProps" instance=ExtResource("12_ww145")]
transform = Transform3D(1, 0, 0, 0, 1, 0, 0, 0, 1, -17.86848, -1.150927, 2.5170484)

[node name="Vase_Rubble_Medium2" parent="StaticProps" instance=ExtResource("13_3yrqp")]
transform = Transform3D(0.5768173, 0, 0.8168732, 0, 1, 0, -0.8168732, 0, 0.5768173, -17.103941, -1.1472126, 2.096493)

[node name="Vase_Rubble_Medium3" parent="StaticProps" instance=ExtResource("13_3yrqp")]
transform = Transform3D(0.7394079, 0, -0.6732577, 0, 1, 0, 0.6732577, 0, 0.7394079, -11.15366, -1.1568745, 3.289076)

[node name="Vase_Rubble_Medium4" parent="StaticProps" instance=ExtResource("13_3yrqp")]
transform = Transform3D(0.034428544, 0, 0.9994072, 0, 1, 0, -0.9994072, 0, 0.034428544, -15.134232, -0.9981773, 11.731005)

[node name="Table_Large2" parent="StaticProps" instance=ExtResource("7_oovwa")]
transform = Transform3D(-0.024658475, 0.035070233, -0.9990806, 0.015372903, 0.99927944, 0.0346978, 0.99957776, -0.014503178, -0.02517984, -17.085037, -1.2948823, 7.354359)

[node name="SmallBottles_12" parent="StaticProps" instance=ExtResource("8_brfql")]
transform = Transform3D(1, 0, 0, 0, 1, 0, 0, 0, 1, -16.86976, -0.47142997, 8.2288475)

[node name="Scroll_22" parent="StaticProps" instance=ExtResource("9_x5ud1")]
transform = Transform3D(1, 0, 0, 0, 1, 0, 0, 0, 1, -16.89743, -0.4707697, 8.136224)

[node name="Rope_22" parent="StaticProps" instance=ExtResource("10_gs6ep")]
transform = Transform3D(1, 0, 0, 0, 1, 0, 0, 0, 1, -16.999, -0.5120449, 6.393901)

[node name="Pot_1_Lid2" parent="StaticProps" instance=ExtResource("11_n18wr")]
transform = Transform3D(1, 0, 0, 0, 1, 0, 0, 0, 1, -17.012793, -0.4581071, 7.762778)

[node name="Pot_12" parent="StaticProps" instance=ExtResource("12_l628x")]
transform = Transform3D(1, 0, 0, 0, 1, 0, 0, 0, 1, -17.08278, -0.4589741, 7.1509657)

[node name="Cauldron2" parent="StaticProps" instance=ExtResource("13_u3moy")]
transform = Transform3D(0.9986029, 0.052841403, 0, -0.052841403, 0.9986029, 0, 0, 0, 1, -16.7802, -1.2587639, 9.396568)

[node name="Potion_42" parent="StaticProps" instance=ExtResource("14_nsggs")]
transform = Transform3D(1, 0, 0, 0, 1, 0, 0, 0, 1, -17.292715, -0.4522544, 8.549013)

[node name="Potion_12" parent="StaticProps" instance=ExtResource("15_jhawb")]
transform = Transform3D(1, 0, 0, 0, 1, 0, 0, 0, 1, -17.41205, -0.45307624, 8.169077)

[node name="Potion_22" parent="StaticProps" instance=ExtResource("16_vvxhi")]
transform = Transform3D(1, 0, 0, 0, 1, 0, 0, 0, 1, -17.058931, -0.46072587, 8.564287)

[node name="Mug2" parent="StaticProps" instance=ExtResource("17_lqam3")]
transform = Transform3D(1, 0, 0, 0, 1, 0, 0, 0, 1, -16.786156, -0.48687634, 8.5379095)

[node name="Key_Metal2" parent="StaticProps" instance=ExtResource("18_itntr")]
transform = Transform3D(1, 0, 0, 0, 1, 0, 0, 0, 1, -16.702248, -0.49228927, 6.855809)

[node name="FarmCrate_Empty2" parent="StaticProps" instance=ExtResource("19_uaple")]
transform = Transform3D(0.9835778, 0.18048482, 0, -0.18048482, 0.9835778, 0, 0, 0, 1, -17.069101, -1.3538069, 6.8709497)

[node name="Stool2" parent="StaticProps" instance=ExtResource("20_t22b2")]
transform = Transform3D(1, 0, 0, 0, 1, 0, 0, 0, 1, -16.0155, -1.4170854, 7.9052906)

[node name="Stool3" parent="StaticProps" instance=ExtResource("20_t22b2")]
transform = Transform3D(1, 0, 0, 0, 1, 0, 0, 0, 1, -16.125774, -1.4045213, 6.8325443)

[node name="Shelf_Small_Bottles2" parent="StaticProps" instance=ExtResource("21_8o2ev")]
transform = Transform3D(-4.371139e-08, 0, 1, 0, 1, 0, -1, 0, -4.371139e-08, -18.231632, 0.36868405, 7.445366)

[node name="WeaponStand2" parent="StaticProps" instance=ExtResource("22_0y2vo")]
transform = Transform3D(-0.11972101, 0, -0.99280757, 0, 1, 0, 0.99280757, 0, -0.11972101, 3.1197746, 0.13324597, 3.5220425)

[node name="Sword_Bronze2" parent="StaticProps" instance=ExtResource("23_peyjm")]
transform = Transform3D(0.12355431, -0.25881892, -0.9579911, -0.03310627, -0.9659257, 0.25669286, -0.99178547, 1.1182486e-08, -0.12791282, 2.9807768, 1.0543816, 3.6844928)

[node name="Sword_Bronze3" parent="StaticProps" instance=ExtResource("23_peyjm")]
transform = Transform3D(0.12355431, -0.25881892, -0.9579911, -0.03310627, -0.9659257, 0.25669286, -0.99178547, 1.1182486e-08, -0.12791282, 2.9807768, 1.0543816, 3.3368)

[node name="Chandelier2" parent="StaticProps" instance=ExtResource("3_no0h4")]
transform = Transform3D(1, 0, 0, 0, 1, 0, 0, 0, 1, -13.574334, 2.7088451, 3.3762991)

[node name="Chandelier3" parent="StaticProps" instance=ExtResource("3_no0h4")]
transform = Transform3D(1, 0, 0, 0, 1, 0, 0, 0, 1, -15.1576185, 2.708846, 9.677976)

[node name="Chest_Wood" parent="StaticProps" instance=ExtResource("4_la4ae")]
transform = Transform3D(-0.8708287, -0.09155378, 0.4829864, -0.09483002, 0.9953363, 0.017694298, -0.48235372, -0.03039289, -0.87544924, -16.22895, -1.1178639, 11.736883)

[node name="Torch_Metal14" parent="StaticProps" instance=ExtResource("2_xcwim")]
transform = Transform3D(0.013979865, 0, -0.99990237, 0, 1, 0, 0.99990237, 0, 0.013979865, 5.0590715, 2.148513, 1.6338611)

[node name="Vase_Rubble_Medium5" parent="StaticProps" instance=ExtResource("13_3yrqp")]
transform = Transform3D(0.89237326, 0, -0.45129812, 0, 1, 0, 0.45129812, 0, 0.89237326, 2.7983148, 0.12977028, 2.3877783)

[node name="Vase_42" parent="StaticProps" instance=ExtResource("26_w64br")]
transform = Transform3D(1, 0, 0, 0, 1, 0, 0, 0, 1, 3.2988143, 0.14493579, 2.3529181)

[node name="Shelf_Arch2" parent="StaticProps" instance=ExtResource("27_wcd0w")]
transform = Transform3D(0, 0, 1.0000001, 0, 1, 0, -1.0000001, 0, 0, -3.4614587, 0.77073497, 1.2343998)

[node name="Candle_22" parent="StaticProps" instance=ExtResource("28_662um")]
transform = Transform3D(1, 0, 0, 0, 1, 0, 0, 0, 1, -3.2554746, 1.4123967, 0.79986006)

[node name="Candle_23" parent="StaticProps" instance=ExtResource("28_662um")]
transform = Transform3D(1, 0, 0, 0, 1, 0, 0, 0, 1, -3.2588568, 0.89784133, 1.6674967)

[node name="Bottle_12" parent="StaticProps" instance=ExtResource("29_5b58n")]
transform = Transform3D(1, 0, 0, 0, 1, 0, 0, 0, 1, -3.2412195, 0.89784133, 0.81272525)

[node name="Scroll_12" parent="StaticProps" instance=ExtResource("30_pqiru")]
transform = Transform3D(1, 0, 0, 0, 1, 0, 0, 0, 1, -3.29966, 1.4123967, 1.5326556)

[node name="Scroll_23" parent="StaticProps" instance=ExtResource("9_x5ud1")]
transform = Transform3D(-0.037672706, 0, -0.9992901, 0, 1, 0, 0.9992901, 0, -0.037672706, -3.2846951, 0.8978412, 1.0306855)

[node name="dummy2" parent="StaticProps" instance=ExtResource("37_ycwpw")]
transform = Transform3D(-0.79898196, 0, -0.60135496, 0, 1, 0, 0.60135496, 0, -0.79898196, -1.9759443, 0.08905162, 1.4590917)

[node name="Banner_2_Cloth2" parent="StaticProps" instance=ExtResource("41_m27qg")]
transform = Transform3D(-0.50000006, 0, -0.8660254, 0, 1, 0, 0.8660254, 0, -0.50000006, -4.0922856, 3.733739, 2.3091059)

[node name="Banner_2_Cloth3" parent="StaticProps" instance=ExtResource("41_m27qg")]
transform = Transform3D(0.86602545, 0, 0.5, 0, 1, 0, -0.5, 0, 0.86602545, -3.3095028, 3.5289938, 7.0480237)

[node name="Cabinet2" parent="StaticProps" instance=ExtResource("33_jhawb")]
transform = Transform3D(-4.371139e-08, 0, 1, 0, 1, 0, -1, 0, -4.371139e-08, -16.448318, -0.23604012, -4.9930606)

[node name="Cage_Small2" parent="StaticProps" instance=ExtResource("34_vvxhi")]
transform = Transform3D(1, 0, 0, 0, 1, 0, 0, 0, 1, -14.096518, -0.016060859, -10.771845)

[node name="Workbench2" parent="StaticProps" instance=ExtResource("35_lqam3")]
transform = Transform3D(-0.9126631, 0, -0.4087128, 0, 1, 0, 0.4087128, 0, -0.9126631, -17.061085, -0.026779115, -6.199305)

[node name="Whetstone2" parent="StaticProps" instance=ExtResource("36_itntr")]
transform = Transform3D(0.84295976, 0, 0.53797656, 0, 1, 0, -0.53797656, 0, 0.84295976, -16.993591, 0.85240436, -6.261617)

[node name="Stall_Cart_Empty2" parent="StaticProps" instance=ExtResource("37_uaple")]
transform = Transform3D(0.81519854, 0, -0.57918155, 0, 1, 0, 0.57918155, 0, 0.81519854, -18.97881, -0.48258498, -7.3941016)

[node name="Chest_Wood2" parent="StaticProps" instance=ExtResource("4_la4ae")]
transform = Transform3D(1, 0, 0, 0, 1, 0, 0, 0, 1, -17.874043, -0.2895724, -4.4830766)

[node name="Barrel5" parent="StaticProps" instance=ExtResource("10_7u65c")]
transform = Transform3D(1, 0, 0, 0, 1, 0, 0, 0, 1, -22.76137, -0.36978722, -6.881614)

[node name="Barrel6" parent="StaticProps" instance=ExtResource("10_7u65c")]
transform = Transform3D(1, 0, 0, 0, 1, 0, 0, 0, 1, -19.354265, -0.4542023, -5.5007343)

[node name="Barrel7" parent="StaticProps" instance=ExtResource("10_7u65c")]
transform = Transform3D(1, 0, 0, 0, 1, 0, 0, 0, 1, -19.311647, -0.48727137, -4.7283263)

[node name="Barrel8" parent="StaticProps" instance=ExtResource("10_7u65c")]
transform = Transform3D(1, 0, 0, 0, 1, 0, 0, 0, 1, -22.374123, -0.13347887, -10.259543)

[node name="Barrel9" parent="StaticProps" instance=ExtResource("10_7u65c")]
transform = Transform3D(1, 0, 0, 0, 1, 0, 0, 0, 1, -21.647099, -0.39359862, -10.800288)

[node name="Barrel10" parent="StaticProps" instance=ExtResource("10_7u65c")]
transform = Transform3D(1, 0, 0, 0, 1, 0, 0, 0, 1, -19.88927, -0.262551, -11.081106)

[node name="Barrel11" parent="StaticProps" instance=ExtResource("10_7u65c")]
transform = Transform3D(1, 0, 0, 0, 1, 0, 0, 0, 1, -13.417554, -0.52878803, -6.482727)

[node name="Barrel12" parent="StaticProps" instance=ExtResource("10_7u65c")]
transform = Transform3D(1, 0, 0, 0, 1, 0, 0, 0, 1, -13.291811, -0.39384907, -7.274661)

[node name="Banner_1_Cloth2" parent="StaticProps" instance=ExtResource("38_t22b2")]
transform = Transform3D(1, 0, 0, 0, 1, 0, 0, 0, 1, -16.022797, 2.3490639, -11.508285)

[node name="Banner_1_Cloth3" parent="StaticProps" instance=ExtResource("38_t22b2")]
transform = Transform3D(-4.371139e-08, 0, 1, 0, 1, 0, -1, 0, -4.371139e-08, -23.239925, 2.5492833, -8.476974)

[node name="Bag3" parent="StaticProps" instance=ExtResource("11_gul2x")]
transform = Transform3D(1, 0, 0, 0, 1, 0, 0, 0, 1, -22.278536, -0.31698757, -11.112099)

[node name="Anvil_Log2" parent="StaticProps" instance=ExtResource("39_8o2ev")]
transform = Transform3D(0.7000498, 0, 0.71409404, 0, 1, 0, -0.71409404, 0, 0.7000498, -20.10461, -0.45845577, -4.3268194)

[node name="FarmCrate_Empty3" parent="StaticProps" instance=ExtResource("19_uaple")]
transform = Transform3D(1, 0, 0, 0, 1, 0, 0, 0, 1, -20.09407, -0.47214594, -4.983031)

[node name="Rope_23" parent="StaticProps" instance=ExtResource("10_gs6ep")]
transform = Transform3D(1, 0, 0, 0, 1, 0, 0, 0, 1, -20.131208, -0.48329493, -5.745197)

[node name="Table_Large3" parent="StaticProps" instance=ExtResource("7_oovwa")]
transform = Transform3D(0.70710677, -0.61237246, -0.35355335, 0, 0.49999997, -0.86602545, 0.70710677, 0.61237246, 0.35355335, -19.152145, -0.39715886, -7.068702)

[node name="Stool4" parent="StaticProps" instance=ExtResource("20_t22b2")]
transform = Transform3D(1, 0, 0, 0, 1, 0, 0, 0, 1, -21.997202, -0.36201626, -10.094208)

[node name="Chain_Coil2" parent="StaticProps" instance=ExtResource("40_662um")]
transform = Transform3D(1, 0, 0, 0, 1, 0, 0, 0, 1, -12.993406, 2.8920627, 21.722162)

[node name="Chain_Coil3" parent="StaticProps" instance=ExtResource("40_662um")]
transform = Transform3D(0.8613476, -0.08524303, -0.5008133, 0.073692106, 0.9963602, -0.042846795, 0.5026428, 0, 0.8644942, -18.555527, 1.6405576, 17.964695)

[node name="Key_Metal3" parent="StaticProps" instance=ExtResource("18_itntr")]
transform = Transform3D(0.7163263, 0, -0.69776547, 0, 1, 0, 0.69776547, 0, 0.7163263, -12.869057, 2.907524, 21.750729)

[node name="Key_Metal4" parent="StaticProps" instance=ExtResource("18_itntr")]
transform = Transform3D(1, 0, 0, 0, 1, 0, 0, 0, 1, -12.846348, 2.9123602, 21.761421)

[node name="Key_Gold2" parent="StaticProps" instance=ExtResource("41_5b58n")]
transform = Transform3D(0.70997643, 0, -0.7042254, 0, 1, 0, 0.7042254, 0, 0.70997643, -12.974199, 2.8859088, 21.698614)

[node name="Pickaxe_Bronze2" parent="StaticProps" instance=ExtResource("42_pqiru")]
transform = Transform3D(-0.21529786, 0, -0.97654843, -0.36025196, 0.92946774, 0.0794241, 0.90767026, 0.36890334, -0.20011242, -13.406139, 4.049817, 22.402328)

[node name="Rope_12" parent="StaticProps" instance=ExtResource("59_kf4pe")]
transform = Transform3D(1, 0, 0, 0, 0.94132334, 0.33750603, 0, -0.33750603, 0.94132334, -15.482765, 3.0043333, 21.779758)

[node name="Rope_32" parent="StaticProps" instance=ExtResource("60_rp16d")]
transform = Transform3D(1, 0, 0, 0, 0.8920895, 0.45185873, 0, -0.45185873, 0.8920895, -15.86865, 2.732797, 21.392166)

[node name="Bag4" parent="StaticProps" instance=ExtResource("11_gul2x")]
transform = Transform3D(1, 0, 0, 0, 1, 0, 0, 0, 1, -14.4712, 2.8779693, 21.794262)

[node name="Barrel13" parent="StaticProps" instance=ExtResource("10_7u65c")]
transform = Transform3D(1, 0, 0, 0, 1, 0, 0, 0, 1, -12.299655, 2.9618502, 21.364841)

[node name="Pouch_Large2" parent="StaticProps" instance=ExtResource("61_5b58n")]
transform = Transform3D(0.001811143, 0.9994398, 0.033420175, 0.054083377, -0.03346923, 0.99797535, 0.9985348, 0, -0.05411369, -12.33052, 3.8580346, 21.347927)

[node name="Stall_Cart_Empty3" parent="StaticProps" instance=ExtResource("37_uaple")]
transform = Transform3D(1, 0, 0, 0, 1, 0, 0, 0, 1, -14.528879, 4.459645, -9.613146)

[node name="Workbench4" parent="StaticProps" instance=ExtResource("35_lqam3")]
transform = Transform3D(1, 0, 0, 0, 1, 0, 0, 0, 1, -18.656042, 4.55512, -5.3404474)

[node name="Whetstone3" parent="StaticProps" instance=ExtResource("36_itntr")]
transform = Transform3D(-0.034602895, 0, -0.9994011, 0, 1, 0, 0.9994011, 0, -0.034602895, -19.263176, 5.4367585, -5.344406)

[node name="Bag5" parent="StaticProps" instance=ExtResource("11_gul2x")]
transform = Transform3D(1, 0, 0, 0, 1, 0, 0, 0, 1, -18.544586, 5.4686956, -5.2204094)

[node name="Bag7" parent="StaticProps" instance=ExtResource("11_gul2x")]
transform = Transform3D(0.18178926, 0, -0.9833375, 0, 1, 0, 0.9833375, 0, 0.18178926, -16.106281, 5.221507, -3.3341305)

[node name="Bag8" parent="StaticProps" instance=ExtResource("11_gul2x")]
transform = Transform3D(0.18178928, 0.9697012, -0.16319461, 0, 0.16595982, 0.9861326, 0.9833376, -0.1792683, 0.030169725, -16.330048, 5.2926893, -2.7048578)

[node name="Bag9" parent="StaticProps" instance=ExtResource("11_gul2x")]
transform = Transform3D(-0.124080785, 0.97876024, -0.16319464, -0.050851755, 0.15797712, 0.98613256, 0.99096835, 0.13065884, 0.03016973, -16.345165, 5.2720933, -2.1134276)

[node name="Bag6" parent="StaticProps" instance=ExtResource("11_gul2x")]
transform = Transform3D(0.7770362, -0.32393953, -0.5397018, 0, 0.8574099, -0.51463413, 0.62945604, 0.39988926, 0.6662384, -18.041483, 5.414752, -5.667304)

[node name="EtaleFruitsLegumes" type="Node3D" parent="StaticProps"]
transform = Transform3D(1, 0, 0, 0, 1, 0, 0, 0, 1, -17.745165, 4.929808, -9.89053)

[node name="Workbench3" parent="StaticProps/EtaleFruitsLegumes" instance=ExtResource("35_lqam3")]
transform = Transform3D(1, 0, 0, 0, 1, 0, 0, 0, 1, -0.06303978, -0.547977, 0.13514423)

[node name="FarmCrate_Apple2" parent="StaticProps/EtaleFruitsLegumes" instance=ExtResource("62_kf4pe")]
transform = Transform3D(0.0017976314, 0, -0.9999984, 0, 1, 0, 0.9999984, 0, 0.0017976314, -0.6548252, 0.38158417, 0.0015535355)

[node name="FarmCrate_Apple3" parent="StaticProps/EtaleFruitsLegumes" instance=ExtResource("62_kf4pe")]
transform = Transform3D(0.103053, 0, -0.9946759, 0, 1, 0, 0.9946759, 0, 0.103053, -0.6597328, 0.6294856, -0.022772789)

[node name="FarmCrate_Empty4" parent="StaticProps/EtaleFruitsLegumes" instance=ExtResource("19_uaple")]
transform = Transform3D(1, 0, 0, 0, 1, 0, 0, 0, 1, -0.022304535, 0.3815837, 0.42073154)

[node name="FarmCrate_Carrot2" parent="StaticProps/EtaleFruitsLegumes" instance=ExtResource("63_rp16d")]
transform = Transform3D(1, 0, 0, 0, 1, 0, 0, 0, 1, -0.013494492, 0.3815837, -0.058465004)

[node name="FarmCrate_Carrot3" parent="StaticProps/EtaleFruitsLegumes" instance=ExtResource("63_rp16d")]
transform = Transform3D(-0.21407047, 0, -0.9768182, 0, 1, 0, 0.9768182, 0, -0.21407047, 0.6072216, 0.35999393, 0)

[node name="EtaleFruitsLegumes2" type="Node3D" parent="StaticProps"]
transform = Transform3D(0.052213974, 0, -0.99863595, 0, 1, 0, 0.99863595, 0, 0.052213974, -13.157053, 4.929808, -3.8099763)

[node name="Workbench3" parent="StaticProps/EtaleFruitsLegumes2" instance=ExtResource("35_lqam3")]
transform = Transform3D(1, 0, 0, 0, 1, 0, 0, 0, 1, -0.06303978, -0.547977, 0.13514423)

[node name="FarmCrate_Apple2" parent="StaticProps/EtaleFruitsLegumes2" instance=ExtResource("62_kf4pe")]
transform = Transform3D(0.0017976314, 0, -0.9999984, 0, 1, 0, 0.9999984, 0, 0.0017976314, -0.6548252, 0.38158417, 0.0015535355)

[node name="FarmCrate_Apple3" parent="StaticProps/EtaleFruitsLegumes2" instance=ExtResource("62_kf4pe")]
transform = Transform3D(0.103053, 0, -0.9946759, 0, 1, 0, 0.9946759, 0, 0.103053, -0.6597328, 0.6294856, -0.022772789)

[node name="FarmCrate_Empty4" parent="StaticProps/EtaleFruitsLegumes2" instance=ExtResource("19_uaple")]
transform = Transform3D(1, 0, 0, 0, 1, 0, 0, 0, 1, -0.022304535, 0.3815837, 0.42073154)

[node name="FarmCrate_Carrot2" parent="StaticProps/EtaleFruitsLegumes2" instance=ExtResource("63_rp16d")]
transform = Transform3D(1, 0, 0, 0, 1, 0, 0, 0, 1, -0.013494492, 0.3815837, -0.058465004)

[node name="FarmCrate_Carrot3" parent="StaticProps/EtaleFruitsLegumes2" instance=ExtResource("63_rp16d")]
transform = Transform3D(-0.21407047, 0, -0.9768182, 0, 1, 0, 0.9768182, 0, -0.21407047, 0.6072216, 0.35999393, 0)

[node name="Workbench3" parent="StaticProps" instance=ExtResource("35_lqam3")]
transform = Transform3D(-0.036940128, 0, 0.99931747, 0, 1, 0, -0.99931747, 0, -0.036940128, -15.953658, 4.3713136, -2.6569552)

[node name="Barrel_Apples3" parent="StaticProps" instance=ExtResource("12_ww145")]
transform = Transform3D(1, 0, 0, 0, 1, 0, 0, 0, 1, -19.24654, 4.3759003, -9.599094)

[node name="SmallBottle2" parent="StaticProps" instance=ExtResource("64_rp16d")]
transform = Transform3D(1, 0, 0, 0, 1, 0, 0, 0, 1, -14.840196, 5.278701, -9.525953)

[node name="SmallBottles_13" parent="StaticProps" instance=ExtResource("8_brfql")]
transform = Transform3D(0.8007836, 0, 0.59895366, 0, 1, 0, -0.59895366, 0, 0.8007836, -15.038368, 5.3021083, -9.459286)

[node name="Shelf_Small_Bottles3" parent="StaticProps" instance=ExtResource("21_8o2ev")]
transform = Transform3D(-0.015480421, 0, 0.9998802, 0, 1, 0, -0.9998802, 0, -0.015480421, -23.284937, 6.404591, -6.9958053)

[node name="Bottle_13" parent="StaticProps" instance=ExtResource("29_5b58n")]
transform = Transform3D(1, 0, 0, 0, 1, 0, 0, 0, 1, -14.118377, 5.269497, -9.447123)

[node name="Bottle_14" parent="StaticProps" instance=ExtResource("29_5b58n")]
transform = Transform3D(1, 0, 0, 0, 1, 0, 0, 0, 1, -14.228212, 5.269497, -9.629883)

[node name="Bottle_15" parent="StaticProps" instance=ExtResource("29_5b58n")]
transform = Transform3D(1, 0, 0, 0, 1, 0, 0, 0, 1, -14.374689, 5.269497, -9.579594)

[node name="Stool5" parent="StaticProps" instance=ExtResource("20_t22b2")]
transform = Transform3D(0.75514454, 0, 0.65555835, 0, 1, 0, -0.65555835, 0, 0.75514454, 0.63528323, 0.21210384, 6.8867803)

[node name="Table_Plate2" parent="StaticProps/Stool5" instance=ExtResource("50_6m702")]
transform = Transform3D(0.9999989, 0.0014416468, 1.1920929e-06, -0.0014416468, 0.99999756, 0.0016606482, 1.1622906e-06, -0.0016606482, 0.9999987, 0, 0.57768637, 0)

[node name="Portal" parent="." instance=ExtResource("3_qdqvf")]
transform = Transform3D(0.2687916, 0, 0.41566345, 0, 0.49499997, 0, -0.41566345, 0, 0.2687916, -21.131021, 4.6072383, -9.680573)

[node name="SpawnNode" type="Marker3D" parent="."]
transform = Transform3D(1, 0, 0, 0, 1, 0, 0, 0, 1, 2.0197074, 0.046495914, -0.0066041946)

[node name="DynamicProps" type="Node3D" parent="."]

[node name="Crate" parent="DynamicProps" instance=ExtResource("7_8f7r2")]
transform = Transform3D(0.96821314, 0, 0.25012654, 0, 1, 0, -0.25012654, 0, 0.96821314, -9.076367, -0.8669965, 8.248014)

[node name="Crate2" parent="DynamicProps" instance=ExtResource("7_8f7r2")]
transform = Transform3D(0.9988324, 0, -0.048309356, 0, 1, 0, 0.048309356, 0, 0.9988324, -9.09473, -0.0448218, 7.732506)

[node name="CrateMetal" parent="DynamicProps" instance=ExtResource("8_b8uio")]
transform = Transform3D(0.96821314, 0, 0.25012654, 0.001436252, 0.9999835, -0.005559578, -0.2501224, 0.0057421015, 0.96819717, -9.080351, -0.8467475, 7.065811)

[node name="Crate7" parent="DynamicProps" instance=ExtResource("7_8f7r2")]
transform = Transform3D(-0.020820245, 0, 0.9997832, 0, 1, 0, -0.9997832, 0, -0.020820245, -12.121138, -0.8669965, 11.732832)

[node name="Crate8" parent="DynamicProps" instance=ExtResource("7_8f7r2")]
transform = Transform3D(0.27666065, 0, 0.9609677, 0, 1, 0, -0.9609677, 0, 0.27666065, -12.627059, -0.0448218, 11.63218)

[node name="Crate9" parent="DynamicProps" instance=ExtResource("7_8f7r2")]
transform = Transform3D(0.27666065, 0, 0.9609677, 0, 1, 0, -0.9609677, 0, 0.27666065, -11.515391, -0.68399507, 1.5606232)

[node name="CrateMetal5" parent="DynamicProps" instance=ExtResource("8_b8uio")]
transform = Transform3D(-0.020816222, 0.005588277, 0.9997677, 0.001436252, 0.99998343, -0.005559578, -0.9997822, 0.0013201884, -0.020823926, -13.272586, -0.8467475, 11.464903)

[node name="Crate10" parent="DynamicProps" instance=ExtResource("7_8f7r2")]
transform = Transform3D(0.9999066, 0, -0.013665471, 0, 1, 0, 0.013665471, 0, 0.9999066, -22.478123, 1.8671501, 8.849085)

[node name="Crate11" parent="DynamicProps" instance=ExtResource("7_8f7r2")]
transform = Transform3D(0.9508568, 0, -0.30963108, 0, 1, 0, 0.30963108, 0, 0.9508568, -22.360086, 2.6893249, 8.346935)

[node name="CrateMetal6" parent="DynamicProps" instance=ExtResource("8_b8uio")]
transform = Transform3D(0.99990547, -0.0015120913, -0.013661262, 0.001436252, 0.99998343, -0.005559578, 0.013669457, 0.005539432, 0.99989116, -22.17065, 1.8873991, 7.70756)

[node name="Crate12" parent="DynamicProps" instance=ExtResource("7_8f7r2")]
transform = Transform3D(0.23741469, 0, -0.9714085, 0, 1, 0, 0.9714085, 0, 0.23741469, -18.81706, 0.018652081, -10.826892)

[node name="Crate13" parent="DynamicProps" instance=ExtResource("7_8f7r2")]
transform = Transform3D(-0.061396927, 0, -0.99811345, 0, 1, 0, 0.99811345, 0, -0.061396927, -18.301355, 0.84082687, -10.838496)

[node name="CrateMetal7" parent="DynamicProps" instance=ExtResource("8_b8uio")]
transform = Transform3D(0.23741049, -0.005741608, -0.9713924, 0.0014362523, 0.99998355, -0.005559578, 0.97140837, -7.526099e-05, 0.23741484, -17.634909, 0.03890109, -10.815379)

[node name="CrateMetal2" parent="DynamicProps" instance=ExtResource("8_b8uio")]
transform = Transform3D(0.96821314, 0, 0.25012654, 0, 1, 0, -0.25012654, 0, 0.96821314, -10.066767, -0.8227871, 6.8654046)

[node name="Crate3" parent="DynamicProps" instance=ExtResource("7_8f7r2")]
transform = Transform3D(0.96821314, 0, 0.25012654, 0, 1, 0, -0.25012654, 0, 0.96821314, -9.4534855, 0.102214575, 6.7422814)

[node name="Crate4" parent="DynamicProps" instance=ExtResource("7_8f7r2")]
transform = Transform3D(0.96821314, 0, 0.25012654, 0, 1, 0, -0.25012654, 0, 0.96821314, -9.327694, 0.2828167, 5.585033)

[node name="Crate5" parent="DynamicProps" instance=ExtResource("7_8f7r2")]
transform = Transform3D(0.96821314, 0, 0.25012654, 0, 1, 0, -0.25012654, 0, 0.96821314, -9.387292, 1.0858932, 6.278484)

[node name="Crate6" parent="DynamicProps" instance=ExtResource("7_8f7r2")]
transform = Transform3D(0.96820444, 0.0042411373, 0.25012428, -0.004106325, 0.999991, -0.001060821, -0.25012654, 0, 0.96821314, -9.345533, 0.9209894, 7.460708)

[node name="CrateMetal3" parent="DynamicProps" instance=ExtResource("8_b8uio")]
transform = Transform3D(0.96821314, 0, 0.25012654, 0, 1, 0, -0.25012654, 0, 0.96821314, -9.073828, -0.7373729, 5.2179236)

[node name="CrateMetal4" parent="DynamicProps" instance=ExtResource("8_b8uio")]
transform = Transform3D(0.7688976, 0, 0.6393719, 0, 1, 0, -0.6393719, 0, 0.7688976, -9.544945, 2.145062, 6.9734592)

[node name="Crate14" parent="DynamicProps" instance=ExtResource("7_8f7r2")]
transform = Transform3D(0.9988324, 0, -0.048309356, 0, 1, 0, 0.048309356, 0, 0.9988324, -7.795558, -0.43323052, 7.732506)

[node name="Crate15" parent="DynamicProps" instance=ExtResource("7_8f7r2")]
transform = Transform3D(0.96821314, 0, 0.25012654, 0, 1, 0, -0.25012654, 0, 0.96821314, -8.154313, -0.2861941, 6.7422814)

[node name="Crate16" parent="DynamicProps" instance=ExtResource("7_8f7r2")]
transform = Transform3D(0.96821314, 0, 0.25012654, 0, 1, 0, -0.25012654, 0, 0.96821314, -8.028522, -0.10559195, 5.585033)

[node name="Crate17" parent="DynamicProps" instance=ExtResource("7_8f7r2")]
