[gd_scene load_steps=9 format=3 uid="uid://bbc2qfox0hdai"]

[ext_resource type="PackedScene" uid="uid://bej35ui0rcag0" path="res://Assets/maps/map_1.blend" id="1_angmx"]
[ext_resource type="PackedScene" uid="uid://cbtk71x3cwrx6" path="res://src/scenes/torch/torch_metal.tscn" id="2_xcwim"]
[ext_resource type="PackedScene" uid="uid://bsxjsfvyuuoyw" path="res://src/scenes/portal/portal.tscn" id="3_qdqvf"]
[ext_resource type="PackedScene" uid="uid://c17131quqte6e" path="res://src/scenes/objets/crate.tscn" id="7_8f7r2"]
[ext_resource type="PackedScene" uid="uid://00n18ca1dd4y" path="res://src/scenes/objets/crate_metal.tscn" id="8_b8uio"]

[sub_resource type="ProceduralSkyMaterial" id="ProceduralSkyMaterial_37yji"]
sky_top_color = Color(0.33646625, 0.40749058, 0.42967212, 1)

[sub_resource type="Sky" id="Sky_qdqvf"]
sky_material = SubResource("ProceduralSkyMaterial_37yji")

[sub_resource type="Environment" id="Environment_05cjr"]
background_mode = 2
sky = SubResource("Sky_qdqvf")
tonemap_mode = 3
glow_enabled = true
volumetric_fog_enabled = true
volumetric_fog_emission_energy = 0.0
volumetric_fog_sky_affect = 0.0
adjustment_enabled = true
adjustment_contrast = 1.1
adjustment_saturation = 1.39

[node name="LevelBalls" type="Node3D"]

[node name="map_1" parent="." instance=ExtResource("1_angmx")]
transform = Transform3D(1, 0, 0, 0, 1, 0, 0, 0, 1, 8.153505, 0, 0.78262794)

[node name="WorldEnvironment" type="WorldEnvironment" parent="."]
environment = SubResource("Environment_05cjr")

[node name="DirectionalLight3D" type="DirectionalLight3D" parent="."]
transform = Transform3D(0.9738413, 0.023759825, -0.22598362, 0.22722927, -0.10182801, 0.96850306, 0, -0.99451834, -0.10456325, 0, 0, 0)
shadow_enabled = true

[node name="torchs" type="Node3D" parent="."]

[node name="Torch_Metal2" parent="torchs" instance=ExtResource("2_xcwim")]
transform = Transform3D(0.16759478, 0, -0.98585606, 0, 1, 0, 0.98585606, 0, 0.16759478, -10.270525, -0.025937513, 3.8380451)

[node name="Torch_Metal12" parent="torchs" instance=ExtResource("2_xcwim")]
transform = Transform3D(0.99522746, 0, 0.09758298, -0.0047907215, 0.9987942, 0.048859518, -0.097465314, -0.04909382, 0.99402744, -15.126455, 5.377409, -11.831659)

[node name="Torch_Metal10" parent="torchs" instance=ExtResource("2_xcwim")]
transform = Transform3D(0.99854624, 0, 0.053904638, 0, 1, 0, -0.053904638, 0, 0.99854624, -5.8234653, 1.4682024, 2.9947379)

[node name="Torch_Metal11" parent="torchs" instance=ExtResource("2_xcwim")]
transform = Transform3D(-0.99990237, 0, -0.013979821, 0, 1, 0, 0.013979821, 0, -0.99990237, 1.0744133, 1.4682024, 8.070067)

[node name="Torch_Metal3" parent="torchs" instance=ExtResource("2_xcwim")]
transform = Transform3D(0.11485049, 0, 0.9933829, 0, 1, 0, -0.9933829, 0, 0.11485049, -18.368612, -0.025937513, 2.2358851)

[node name="Torch_Metal4" parent="torchs" instance=ExtResource("2_xcwim")]
transform = Transform3D(0.114559844, -0.07109703, 0.990869, 0.00816553, 0.9974694, 0.07062658, -0.9933828, 0, 0.114850484, -17.986456, -0.025937513, 9.902868)

[node name="Torch_Metal7" parent="torchs" instance=ExtResource("2_xcwim")]
transform = Transform3D(-0.053598486, -0.0700908, 0.99609965, 0.008165532, 0.9974694, 0.07062659, -0.99852914, 0.0119191585, -0.052890524, -23.783285, 3.478261, 6.1081166)

[node name="Torch_Metal8" parent="torchs" instance=ExtResource("2_xcwim")]
transform = Transform3D(-0.053598486, -0.0700908, 0.99609965, 0.008165532, 0.9974694, 0.07062659, -0.99852914, 0.0119191585, -0.052890524, -23.31629, 0.6510048, -8.061014)

[node name="Torch_Metal9" parent="torchs" instance=ExtResource("2_xcwim")]
transform = Transform3D(-0.04911764, 0.07094374, -0.9962704, 0.008165535, 0.99746954, 0.0706266, 0.9987597, -0.0046660705, -0.049572647, -12.951423, 0.6510048, -8.061014)

[node name="Torch_Metal5" parent="torchs" instance=ExtResource("2_xcwim")]
transform = Transform3D(-0.08759691, -0.069643885, 0.99371856, 0.008165532, 0.9974694, 0.07062659, -0.99612254, 0.014300908, -0.08680655, -14.275627, 4.4579077, 18.165232)

[node name="Torch_Metal6" parent="torchs" instance=ExtResource("2_xcwim")]
transform = Transform3D(-0.9746332, -0.007858518, 0.22366974, 0.008165533, 0.9974694, 0.07062658, -0.22365874, 0.070661366, -0.97210276, -19.190542, 3.3498774, 21.271635)

[node name="StaticProps" type="Node3D" parent="."]

[node name="Portal_Portal2#Portal" parent="." instance=ExtResource("3_qdqvf")]
transform = Transform3D(0.2687916, 0, 0.41566345, 0, 0.49499997, 0, -0.41566345, 0, 0.2687916, -21.131021, 4.6072383, -9.680573)

[node name="SpawnNode" type="Marker3D" parent="."]
transform = Transform3D(1, 0, 0, 0, 1, 0, 0, 0, 1, 2.0197074, 0.046495914, -0.0066041946)

[node name="DynamicProps" type="Node3D" parent="."]

[node name="Crate" parent="DynamicProps" instance=ExtResource("7_8f7r2")]
transform = Transform3D(0.96821314, 0, 0.25012654, 0, 1, 0, -0.25012654, 0, 0.96821314, -9.076367, -0.8669965, 8.248014)

[node name="Crate2" parent="DynamicProps" instance=ExtResource("7_8f7r2")]
transform = Transform3D(0.9988324, 0, -0.048309356, 0, 1, 0, 0.048309356, 0, 0.9988324, -9.09473, -0.0448218, 7.732506)

[node name="CrateMetal" parent="DynamicProps" instance=ExtResource("8_b8uio")]
transform = Transform3D(0.96821314, 0, 0.25012654, 0.001436252, 0.9999835, -0.005559578, -0.2501224, 0.0057421015, 0.96819717, -9.080351, -0.8467475, 7.065811)

[node name="Crate7" parent="DynamicProps" instance=ExtResource("7_8f7r2")]
transform = Transform3D(-0.020820245, 0, 0.9997832, 0, 1, 0, -0.9997832, 0, -0.020820245, -12.121138, -0.8669965, 11.732832)

[node name="Crate8" parent="DynamicProps" instance=ExtResource("7_8f7r2")]
transform = Transform3D(0.27666065, 0, 0.9609677, 0, 1, 0, -0.9609677, 0, 0.27666065, -12.627059, -0.0448218, 11.63218)

[node name="Crate9" parent="DynamicProps" instance=ExtResource("7_8f7r2")]
transform = Transform3D(0.27666065, 0, 0.9609677, 0, 1, 0, -0.9609677, 0, 0.27666065, -11.515391, -0.68399507, 1.5606232)

[node name="CrateMetal5" parent="DynamicProps" instance=ExtResource("8_b8uio")]
transform = Transform3D(-0.020816222, 0.005588277, 0.9997677, 0.001436252, 0.99998343, -0.005559578, -0.9997822, 0.0013201884, -0.020823926, -13.272586, -0.8467475, 11.464903)

[node name="Crate10" parent="DynamicProps" instance=ExtResource("7_8f7r2")]
transform = Transform3D(0.9999066, 0, -0.013665471, 0, 1, 0, 0.013665471, 0, 0.9999066, -22.478123, 1.8671501, 8.849085)

[node name="Crate11" parent="DynamicProps" instance=ExtResource("7_8f7r2")]
transform = Transform3D(0.9508568, 0, -0.30963108, 0, 1, 0, 0.30963108, 0, 0.9508568, -22.360086, 2.6893249, 8.346935)

[node name="CrateMetal6" parent="DynamicProps" instance=ExtResource("8_b8uio")]
transform = Transform3D(0.99990547, -0.0015120913, -0.013661262, 0.001436252, 0.99998343, -0.005559578, 0.013669457, 0.005539432, 0.99989116, -22.17065, 1.8873991, 7.70756)

[node name="Crate12" parent="DynamicProps" instance=ExtResource("7_8f7r2")]
transform = Transform3D(0.23741469, 0, -0.9714085, 0, 1, 0, 0.9714085, 0, 0.23741469, -18.81706, 0.018652081, -10.4421425)

[node name="Crate13" parent="DynamicProps" instance=ExtResource("7_8f7r2")]
transform = Transform3D(-0.061396927, 0, -0.99811345, 0, 1, 0, 0.99811345, 0, -0.061396927, -18.301355, 0.84082687, -10.453747)

[node name="CrateMetal7" parent="DynamicProps" instance=ExtResource("8_b8uio")]
transform = Transform3D(0.23741049, -0.005741608, -0.9713924, 0.0014362523, 0.99998355, -0.005559578, 0.97140837, -7.526099e-05, 0.23741484, -17.634909, 0.03890109, -10.43063)

[node name="CrateMetal2" parent="DynamicProps" instance=ExtResource("8_b8uio")]
transform = Transform3D(0.96821314, 0, 0.25012654, 0, 1, 0, -0.25012654, 0, 0.96821314, -10.066767, -0.8227871, 6.8654046)

[node name="Crate3" parent="DynamicProps" instance=ExtResource("7_8f7r2")]
transform = Transform3D(0.96821314, 0, 0.25012654, 0, 1, 0, -0.25012654, 0, 0.96821314, -9.4534855, 0.102214575, 6.7422814)

[node name="Crate4" parent="DynamicProps" instance=ExtResource("7_8f7r2")]
transform = Transform3D(0.96821314, 0, 0.25012654, 0, 1, 0, -0.25012654, 0, 0.96821314, -9.327694, 0.2828167, 5.585033)

[node name="Crate5" parent="DynamicProps" instance=ExtResource("7_8f7r2")]
transform = Transform3D(0.96821314, 0, 0.25012654, 0, 1, 0, -0.25012654, 0, 0.96821314, -9.387292, 1.0858932, 6.278484)

[node name="Crate6" parent="DynamicProps" instance=ExtResource("7_8f7r2")]
transform = Transform3D(0.96820444, 0.0042411373, 0.25012428, -0.004106325, 0.999991, -0.001060821, -0.25012654, 0, 0.96821314, -9.345533, 0.9209894, 7.460708)

[node name="CrateMetal3" parent="DynamicProps" instance=ExtResource("8_b8uio")]
transform = Transform3D(0.96821314, 0, 0.25012654, 0, 1, 0, -0.25012654, 0, 0.96821314, -9.073828, -0.7373729, 5.2179236)

[node name="CrateMetal4" parent="DynamicProps" instance=ExtResource("8_b8uio")]
transform = Transform3D(0.7688976, 0, 0.6393719, 0, 1, 0, -0.6393719, 0, 0.7688976, -9.544945, 2.145062, 6.9734592)

[node name="Camera3D" type="Camera3D" parent="."]
transform = Transform3D(0.9370018, 3.4906038e-09, 0.34932443, 0.05725825, 0.9864751, -0.15358527, -0.34459984, 0.16391139, 0.924329, -16.846191, 4.5623283, -6.7921324)
