[gd_scene load_steps=64 format=3 uid="uid://bbc2qfox0hdai"]

[ext_resource type="PackedScene" uid="uid://bej35ui0rcag0" path="res://Assets/maps/map_1.blend" id="1_angmx"]
[ext_resource type="PackedScene" uid="uid://cbtk71x3cwrx6" path="res://src/scenes/torch/torch_metal.tscn" id="2_xcwim"]
[ext_resource type="PackedScene" uid="uid://cxjt5lc0qgonq" path="res://Assets/Packs/fantasyprops/Chandelier.gltf" id="3_no0h4"]
[ext_resource type="PackedScene" uid="uid://bsxjsfvyuuoyw" path="res://src/scenes/portal/portal.tscn" id="3_qdqvf"]
[ext_resource type="PackedScene" uid="uid://cmaa14s8ulnus" path="res://Assets/Packs/fantasyprops/Chest_Wood.gltf" id="4_la4ae"]
[ext_resource type="PackedScene" uid="uid://cp5df2wohkk8p" path="res://Assets/models/wood_beam.glb" id="6_wu35s"]
[ext_resource type="PackedScene" uid="uid://c17131quqte6e" path="res://src/scenes/objets/crate.tscn" id="7_8f7r2"]
[ext_resource type="PackedScene" uid="uid://c37l6k3l2f58s" path="res://src/scenes/objets/planche.tscn" id="7_b8uio"]
[ext_resource type="PackedScene" uid="uid://dcvjhvos6kym8" path="res://Assets/Packs/fantasyprops/Table_Large.gltf" id="7_oovwa"]
[ext_resource type="PackedScene" uid="uid://00n18ca1dd4y" path="res://src/scenes/objets/crate_metal.tscn" id="8_b8uio"]
[ext_resource type="PackedScene" uid="uid://ilomhrdjyc5x" path="res://Assets/Packs/fantasyprops/SmallBottles_1.gltf" id="8_brfql"]
[ext_resource type="PackedScene" uid="uid://3b4ilcyyyero" path="res://Assets/Packs/fantasyprops/Scroll_2.gltf" id="9_x5ud1"]
[ext_resource type="PackedScene" uid="uid://dlaweh6gwj5ad" path="res://Assets/Packs/fantasyprops/Barrel.gltf" id="10_7u65c"]
[ext_resource type="PackedScene" uid="uid://w8b204f382bg" path="res://Assets/Packs/fantasyprops/Rope_2.gltf" id="10_gs6ep"]
[ext_resource type="PackedScene" uid="uid://cimc4oqi1kuqq" path="res://Assets/Packs/fantasyprops/Bag.gltf" id="11_gul2x"]
[ext_resource type="PackedScene" uid="uid://bqeqtlrpuh6ok" path="res://Assets/Packs/fantasyprops/Pot_1_Lid.gltf" id="11_n18wr"]
[ext_resource type="PackedScene" uid="uid://do0cj7ukgjhtm" path="res://Assets/Packs/fantasyprops/Pot_1.gltf" id="12_l628x"]
[ext_resource type="PackedScene" uid="uid://dk2274l4w31g7" path="res://Assets/Packs/fantasyprops/Barrel_Apples.gltf" id="12_ww145"]
[ext_resource type="PackedScene" uid="uid://crgo0b4waabhs" path="res://Assets/Packs/fantasyprops/Vase_Rubble_Medium.gltf" id="13_3yrqp"]
[ext_resource type="PackedScene" uid="uid://dyqw7qw8os4rv" path="res://Assets/Packs/fantasyprops/Cauldron.gltf" id="13_u3moy"]
[ext_resource type="PackedScene" uid="uid://d0dn28fh6b1it" path="res://Assets/Packs/fantasyprops/Potion_4.gltf" id="14_nsggs"]
[ext_resource type="PackedScene" uid="uid://bpxgknwsf1uwc" path="res://Assets/Packs/fantasyprops/Potion_1.gltf" id="15_jhawb"]
[ext_resource type="PackedScene" uid="uid://0x2x4umnrne3" path="res://Assets/Packs/fantasyprops/Potion_2.gltf" id="16_vvxhi"]
[ext_resource type="PackedScene" uid="uid://b1fe58wrgw4ll" path="res://Assets/Packs/fantasyprops/Mug.gltf" id="17_lqam3"]
[ext_resource type="PackedScene" uid="uid://huxfne4xebd" path="res://Assets/Packs/fantasyprops/Key_Metal.gltf" id="18_itntr"]
[ext_resource type="PackedScene" uid="uid://ckdn6cxj3eupt" path="res://Assets/Packs/fantasyprops/FarmCrate_Empty.gltf" id="19_uaple"]
[ext_resource type="PackedScene" uid="uid://ca2qfyl2aown2" path="res://Assets/Packs/fantasyprops/Stool.gltf" id="20_t22b2"]
[ext_resource type="PackedScene" uid="uid://cbarvvwcbwygx" path="res://Assets/Packs/fantasyprops/Shelf_Small_Bottles.gltf" id="21_8o2ev"]
[ext_resource type="PackedScene" uid="uid://safahw52kalv" path="res://Assets/Packs/fantasyprops/WeaponStand.gltf" id="22_0y2vo"]
[ext_resource type="PackedScene" uid="uid://bsjstu2mp6nvv" path="res://Assets/Packs/fantasyprops/Sword_Bronze.gltf" id="23_peyjm"]
[ext_resource type="PackedScene" uid="uid://bed0uh5esvw7l" path="res://Assets/Packs/fantasyprops/Vase_4.gltf" id="26_w64br"]
[ext_resource type="PackedScene" uid="uid://dyy0qrfldssku" path="res://Assets/Packs/fantasyprops/Shelf_Arch.gltf" id="27_wcd0w"]
[ext_resource type="PackedScene" uid="uid://d2wrb13g232i4" path="res://Assets/Packs/fantasyprops/Candle_2.gltf" id="28_662um"]
[ext_resource type="PackedScene" uid="uid://b8tmlfor1t7tq" path="res://Assets/Packs/fantasyprops/Bottle_1.gltf" id="29_5b58n"]
[ext_resource type="PackedScene" uid="uid://wxjjjbxvkrsi" path="res://Assets/Packs/fantasyprops/Scroll_1.gltf" id="30_pqiru"]
[ext_resource type="PackedScene" uid="uid://bkf1h1iqiyfoy" path="res://Assets/Packs/fantasyprops/Cabinet.gltf" id="33_jhawb"]
[ext_resource type="PackedScene" uid="uid://bxkgx331cq3ei" path="res://src/scenes/objets/book_72.tscn" id="34_kf4pe"]
[ext_resource type="PackedScene" uid="uid://2mamha1gjdph" path="res://Assets/Packs/fantasyprops/Cage_Small.gltf" id="34_vvxhi"]
[ext_resource type="PackedScene" uid="uid://bqqd02gls78x3" path="res://Assets/Packs/fantasyprops/Workbench.gltf" id="35_lqam3"]
[ext_resource type="PackedScene" uid="uid://dapcuwulcnmhk" path="res://src/scenes/objets/candle_stick_triple_2.tscn" id="35_rp16d"]
[ext_resource type="PackedScene" uid="uid://wv3pn5252ejo" path="res://src/scenes/objets/chalice_2.tscn" id="36_by7g0"]
[ext_resource type="PackedScene" uid="uid://bq85wj0jmfasq" path="res://Assets/Packs/fantasyprops/Whetstone.gltf" id="36_itntr"]
[ext_resource type="PackedScene" uid="uid://cdhwgi68fnjii" path="res://Assets/Packs/fantasyprops/Stall_Cart_Empty.gltf" id="37_uaple"]
[ext_resource type="PackedScene" uid="uid://dx6fo4qqqg0bj" path="res://src/scenes/enemies/dummy/dummy.tscn" id="37_ycwpw"]
[ext_resource type="PackedScene" uid="uid://c0j5fjct23x1t" path="res://Assets/Packs/fantasyprops/Banner_1_Cloth.gltf" id="38_t22b2"]
[ext_resource type="PackedScene" uid="uid://dtsf3m5jrlic2" path="res://Assets/Packs/fantasyprops/Anvil_Log.gltf" id="39_8o2ev"]
[ext_resource type="PackedScene" uid="uid://dqwjrt3lnh2p6" path="res://src/scenes/strategy_balls_and_wand/wand/wand.tscn" id="40_1n23o"]
[ext_resource type="PackedScene" uid="uid://bllnso1625xma" path="res://Assets/Packs/fantasyprops/Banner_2_Cloth.gltf" id="41_m27qg"]
[ext_resource type="PackedScene" uid="uid://b5teax0lqtyxh" path="res://Assets/Packs/fantasyprops/Stall_Empty.gltf" id="46_0y2vo"]
[ext_resource type="PackedScene" uid="uid://bjame2c3fnjlb" path="res://src/scenes/electrodoor/elctrodoor.tscn" id="50_vvxhi"]
[ext_resource type="Texture2D" uid="uid://1b04a6ssvv3k" path="res://Assets/textures/glyphe_thunder.png" id="51_8o2ev"]
[ext_resource type="Texture2D" uid="uid://c76r0cmb81byg" path="res://Assets/textures/glyphe_light.png" id="52_0y2vo"]
[ext_resource type="Texture2D" uid="uid://cc61oociq8xfa" path="res://Assets/textures/glyphe_grav.png" id="53_peyjm"]
[ext_resource type="Texture2D" uid="uid://3eaoa4uicqch" path="res://Assets/textures/glyphe_fire.png" id="54_w64br"]
[ext_resource type="FontFile" uid="uid://bfe4fktkasx54" path="res://Assets/police/ancient/Ancient Medium.ttf" id="55_wcd0w"]

[sub_resource type="ProceduralSkyMaterial" id="ProceduralSkyMaterial_37yji"]
sky_top_color = Color(0.33646625, 0.40749058, 0.42967212, 1)

[sub_resource type="Sky" id="Sky_qdqvf"]
sky_material = SubResource("ProceduralSkyMaterial_37yji")

[sub_resource type="Environment" id="Environment_05cjr"]
background_mode = 2
sky = SubResource("Sky_qdqvf")
tonemap_mode = 3
glow_enabled = true
volumetric_fog_enabled = true
volumetric_fog_emission_energy = 0.0
volumetric_fog_sky_affect = 0.0
adjustment_enabled = true
adjustment_contrast = 1.1
adjustment_saturation = 1.39

[sub_resource type="Gradient" id="Gradient_662um"]
offsets = PackedFloat32Array(0.068292685, 0.70731705)
colors = PackedColorArray(0.44131792, 0.2583551, 4.813075e-08, 1, 0.9596419, 0.90520376, 1.540184e-06, 1)

[sub_resource type="FastNoiseLite" id="FastNoiseLite_5b58n"]
fractal_octaves = 10
fractal_lacunarity = 3.0

[sub_resource type="NoiseTexture2D" id="NoiseTexture2D_05k6y"]
noise = SubResource("FastNoiseLite_5b58n")
color_ramp = SubResource("Gradient_662um")

[sub_resource type="StandardMaterial3D" id="StandardMaterial3D_pqiru"]
albedo_color = Color(0.47230828, 0.22607514, 0, 1)
albedo_texture = SubResource("NoiseTexture2D_05k6y")
uv1_scale = Vector3(3, 3, 3)

[sub_resource type="BoxMesh" id="BoxMesh_kf4pe"]

[node name="LevelBalls" type="Node3D"]

[node name="map_1" parent="." instance=ExtResource("1_angmx")]
transform = Transform3D(1, 0, 0, 0, 1, 0, 0, 0, 1, 8.153505, 0, 0.78262794)

[node name="WorldEnvironment" type="WorldEnvironment" parent="."]
environment = SubResource("Environment_05cjr")

[node name="DirectionalLight3D" type="DirectionalLight3D" parent="."]
transform = Transform3D(0.9289002, -0.038722944, 0.36830035, -0.31665015, -0.5987568, 0.7356788, 0.19203459, -0.79999447, -0.56844676, 0, 0, 0)
shadow_enabled = true

[node name="torchs" type="Node3D" parent="."]

[node name="Torch_Metal2" parent="torchs" instance=ExtResource("2_xcwim")]
transform = Transform3D(0.16759478, 0, -0.98585606, 0, 1, 0, 0.98585606, 0, 0.16759478, -10.270525, 0.88340193, 3.8380451)

[node name="Torch_Metal12" parent="torchs" instance=ExtResource("2_xcwim")]
transform = Transform3D(0.99522746, 0, 0.09758298, -0.0047907215, 0.9987942, 0.048859518, -0.097465314, -0.04909382, 0.99402744, -15.800267, 6.206487, -11.831659)

[node name="Torch_Metal10" parent="torchs" instance=ExtResource("2_xcwim")]
transform = Transform3D(0.99854624, 0, 0.053904638, 0, 1, 0, -0.053904638, 0, 0.99854624, -5.8234653, 2.2192721, 2.9947379)

[node name="Torch_Metal11" parent="torchs" instance=ExtResource("2_xcwim")]
transform = Transform3D(-0.99990237, 0, -0.013979821, 0, 1, 0, 0.013979821, 0, -0.99990237, 0.43144304, 1.8648081, 8.070067)

[node name="Torch_Metal3" parent="torchs" instance=ExtResource("2_xcwim")]
transform = Transform3D(0.11485049, 0, 0.9933829, 0, 1, 0, -0.9933829, 0, 0.11485049, -18.368612, 0.563029, 5.2386026)

[node name="Torch_Metal4" parent="torchs" instance=ExtResource("2_xcwim")]
transform = Transform3D(0.114559844, -0.07109703, 0.990869, 0.00816553, 0.9974694, 0.07062658, -0.9933828, 0, 0.114850484, -17.90146, 0.5327985, 11.520075)

[node name="Torch_Metal7" parent="torchs" instance=ExtResource("2_xcwim")]
transform = Transform3D(-0.053598486, -0.0700908, 0.99609965, 0.008165532, 0.9974694, 0.07062659, -0.99852914, 0.0119191585, -0.052890524, -23.783285, 4.0373707, 6.1081166)

[node name="Torch_Metal5" parent="torchs" instance=ExtResource("2_xcwim")]
transform = Transform3D(-0.08759691, -0.069643885, 0.99371856, 0.008165532, 0.9974694, 0.07062659, -0.99612254, 0.014300908, -0.08680655, -14.275627, 5.0778294, 18.165232)

[node name="Torch_Metal6" parent="torchs" instance=ExtResource("2_xcwim")]
transform = Transform3D(-0.9746332, -0.007858518, 0.22366974, 0.008165533, 0.9974694, 0.07062658, -0.22365874, 0.070661366, -0.97210276, -19.190542, 4.4678726, 21.271635)

[node name="Torch_Metal13" parent="torchs" instance=ExtResource("2_xcwim")]
transform = Transform3D(-0.8527223, 0, -0.5223647, 0, 1, 0, 0.5223647, 0, -0.8527223, -10.176813, 0.90757924, 10.359684)

[node name="StaticProps" type="Node3D" parent="."]

[node name="Barrel2" parent="StaticProps" instance=ExtResource("10_7u65c")]
transform = Transform3D(1, 0, 0, 0, 1, 0, 0, 0, 1, -17.457321, -1.1310623, 1.5050763)

[node name="Barrel3" parent="StaticProps" instance=ExtResource("10_7u65c")]
transform = Transform3D(1, 0, 0, 0, 1, 0, 0, 0, 1, -17.14482, -1.2025281, 0.865861)

[node name="Barrel4" parent="StaticProps" instance=ExtResource("10_7u65c")]
transform = Transform3D(1, 0, 0, 0, 1, 0, 0, 0, 1, -17.897722, -1.1658789, 0.91785216)

[node name="Bag2" parent="StaticProps" instance=ExtResource("11_gul2x")]
transform = Transform3D(1, 0, 0, 0, 0.9483458, 0.31723845, 0, -0.31723845, 0.9483458, -17.540323, -0.32129794, 0.7258934)

[node name="Barrel_Apples2" parent="StaticProps" instance=ExtResource("12_ww145")]
transform = Transform3D(1, 0, 0, 0, 1, 0, 0, 0, 1, -17.86848, -1.150927, 2.5170484)

[node name="Vase_Rubble_Medium2" parent="StaticProps" instance=ExtResource("13_3yrqp")]
transform = Transform3D(0.5768173, 0, 0.8168732, 0, 1, 0, -0.8168732, 0, 0.5768173, -17.103941, -1.1472126, 2.096493)

[node name="Vase_Rubble_Medium3" parent="StaticProps" instance=ExtResource("13_3yrqp")]
transform = Transform3D(0.7394079, 0, -0.6732577, 0, 1, 0, 0.6732577, 0, 0.7394079, -11.15366, -1.1568745, 3.289076)

[node name="Vase_Rubble_Medium4" parent="StaticProps" instance=ExtResource("13_3yrqp")]
transform = Transform3D(0.034428544, 0, 0.9994072, 0, 1, 0, -0.9994072, 0, 0.034428544, -15.134232, -0.9981773, 11.731005)

[node name="Table_Large2" parent="StaticProps" instance=ExtResource("7_oovwa")]
transform = Transform3D(-0.024658475, 0.035070233, -0.9990806, 0.015372903, 0.99927944, 0.0346978, 0.99957776, -0.014503178, -0.02517984, -17.085037, -1.2948823, 7.354359)

[node name="SmallBottles_12" parent="StaticProps" instance=ExtResource("8_brfql")]
transform = Transform3D(1, 0, 0, 0, 1, 0, 0, 0, 1, -16.86976, -0.47142997, 8.2288475)

[node name="Scroll_22" parent="StaticProps" instance=ExtResource("9_x5ud1")]
transform = Transform3D(1, 0, 0, 0, 1, 0, 0, 0, 1, -16.89743, -0.4707697, 8.136224)

[node name="Rope_22" parent="StaticProps" instance=ExtResource("10_gs6ep")]
transform = Transform3D(1, 0, 0, 0, 1, 0, 0, 0, 1, -16.999, -0.5120449, 6.393901)

[node name="Pot_1_Lid2" parent="StaticProps" instance=ExtResource("11_n18wr")]
transform = Transform3D(1, 0, 0, 0, 1, 0, 0, 0, 1, -17.012793, -0.4581071, 7.762778)

[node name="Pot_12" parent="StaticProps" instance=ExtResource("12_l628x")]
transform = Transform3D(1, 0, 0, 0, 1, 0, 0, 0, 1, -17.08278, -0.4589741, 7.1509657)

[node name="Cauldron2" parent="StaticProps" instance=ExtResource("13_u3moy")]
transform = Transform3D(0.9986029, 0.052841403, 0, -0.052841403, 0.9986029, 0, 0, 0, 1, -16.7802, -1.2587639, 9.396568)

[node name="Potion_42" parent="StaticProps" instance=ExtResource("14_nsggs")]
transform = Transform3D(1, 0, 0, 0, 1, 0, 0, 0, 1, -17.292715, -0.4522544, 8.549013)

[node name="Potion_12" parent="StaticProps" instance=ExtResource("15_jhawb")]
transform = Transform3D(1, 0, 0, 0, 1, 0, 0, 0, 1, -17.41205, -0.45307624, 8.169077)

[node name="Potion_22" parent="StaticProps" instance=ExtResource("16_vvxhi")]
transform = Transform3D(1, 0, 0, 0, 1, 0, 0, 0, 1, -17.058931, -0.46072587, 8.564287)

[node name="Mug2" parent="StaticProps" instance=ExtResource("17_lqam3")]
transform = Transform3D(1, 0, 0, 0, 1, 0, 0, 0, 1, -16.786156, -0.48687634, 8.5379095)

[node name="Key_Metal2" parent="StaticProps" instance=ExtResource("18_itntr")]
transform = Transform3D(1, 0, 0, 0, 1, 0, 0, 0, 1, -16.702248, -0.49228927, 6.855809)

[node name="FarmCrate_Empty2" parent="StaticProps" instance=ExtResource("19_uaple")]
transform = Transform3D(0.9835778, 0.18048482, 0, -0.18048482, 0.9835778, 0, 0, 0, 1, -17.069101, -1.3538069, 6.8709497)

[node name="Stool2" parent="StaticProps" instance=ExtResource("20_t22b2")]
transform = Transform3D(1, 0, 0, 0, 1, 0, 0, 0, 1, -16.0155, -1.4170854, 7.9052906)

[node name="Stool3" parent="StaticProps" instance=ExtResource("20_t22b2")]
transform = Transform3D(1, 0, 0, 0, 1, 0, 0, 0, 1, -16.125774, -1.4045213, 6.8325443)

[node name="Shelf_Small_Bottles2" parent="StaticProps" instance=ExtResource("21_8o2ev")]
transform = Transform3D(-4.371139e-08, 0, 1, 0, 1, 0, -1, 0, -4.371139e-08, -18.231632, 0.36868405, 7.445366)

[node name="WeaponStand2" parent="StaticProps" instance=ExtResource("22_0y2vo")]
transform = Transform3D(-0.11972101, 0, -0.99280757, 0, 1, 0, 0.99280757, 0, -0.11972101, 3.1197746, 0.13324597, 3.5220425)

[node name="Sword_Bronze2" parent="StaticProps" instance=ExtResource("23_peyjm")]
transform = Transform3D(0.12355431, -0.25881892, -0.9579911, -0.03310627, -0.9659257, 0.25669286, -0.99178547, 1.1182486e-08, -0.12791282, 2.9807768, 1.0543816, 3.6844928)

[node name="Sword_Bronze3" parent="StaticProps" instance=ExtResource("23_peyjm")]
transform = Transform3D(0.12355431, -0.25881892, -0.9579911, -0.03310627, -0.9659257, 0.25669286, -0.99178547, 1.1182486e-08, -0.12791282, 2.9807768, 1.0543816, 3.3368)

[node name="Chandelier2" parent="StaticProps" instance=ExtResource("3_no0h4")]
transform = Transform3D(1, 0, 0, 0, 1, 0, 0, 0, 1, -13.574334, 2.7088451, 3.5056927)

[node name="Chandelier3" parent="StaticProps" instance=ExtResource("3_no0h4")]
transform = Transform3D(1, 0, 0, 0, 1, 0, 0, 0, 1, -15.1576185, 2.708846, 9.574511)

[node name="Chest_Wood" parent="StaticProps" instance=ExtResource("4_la4ae")]
transform = Transform3D(-0.8708287, -0.09155378, 0.4829864, -0.09483002, 0.9953363, 0.017694298, -0.48235372, -0.03039289, -0.87544924, -16.22895, -1.1178639, 11.736883)

[node name="Torch_Metal14" parent="StaticProps" instance=ExtResource("2_xcwim")]
transform = Transform3D(0.013979865, 0, -0.99990237, 0, 1, 0, 0.99990237, 0, 0.013979865, 5.0590715, 2.148513, 1.6338611)

[node name="Vase_Rubble_Medium5" parent="StaticProps" instance=ExtResource("13_3yrqp")]
transform = Transform3D(0.89237326, 0, -0.45129812, 0, 1, 0, 0.45129812, 0, 0.89237326, 2.7983148, 0.12977028, 2.3877783)

[node name="Vase_42" parent="StaticProps" instance=ExtResource("26_w64br")]
transform = Transform3D(1, 0, 0, 0, 1, 0, 0, 0, 1, 3.2988143, 0.14493579, 2.3529181)

[node name="Shelf_Arch2" parent="StaticProps" instance=ExtResource("27_wcd0w")]
transform = Transform3D(0, 0, 1.0000001, 0, 1, 0, -1.0000001, 0, 0, -3.4614587, 0.77073497, 1.2343998)

[node name="Candle_22" parent="StaticProps" instance=ExtResource("28_662um")]
transform = Transform3D(1, 0, 0, 0, 1, 0, 0, 0, 1, -3.2554746, 1.4123967, 0.79986006)

[node name="Candle_23" parent="StaticProps" instance=ExtResource("28_662um")]
transform = Transform3D(1, 0, 0, 0, 1, 0, 0, 0, 1, -3.2588568, 0.89784133, 1.6674967)

[node name="Bottle_12" parent="StaticProps" instance=ExtResource("29_5b58n")]
transform = Transform3D(1, 0, 0, 0, 1, 0, 0, 0, 1, -3.2412195, 0.89784133, 0.81272525)

[node name="Scroll_12" parent="StaticProps" instance=ExtResource("30_pqiru")]
transform = Transform3D(1, 0, 0, 0, 1, 0, 0, 0, 1, -3.29966, 1.4123967, 1.5326556)

[node name="Scroll_23" parent="StaticProps" instance=ExtResource("9_x5ud1")]
transform = Transform3D(-0.037672706, 0, -0.9992901, 0, 1, 0, 0.9992901, 0, -0.037672706, -3.2846951, 0.8978412, 1.0306855)

[node name="dummy2" parent="StaticProps" instance=ExtResource("37_ycwpw")]
transform = Transform3D(1, 0, 0, 0, 1, 0, 0, 0, 1, -0.21503109, 0.08905162, 6.2134557)

[node name="Banner_2_Cloth2" parent="StaticProps" instance=ExtResource("41_m27qg")]
transform = Transform3D(-0.50000006, 0, -0.8660254, 0, 1, 0, 0.8660254, 0, -0.50000006, -4.0922856, 3.733739, 2.3091059)

[node name="Banner_2_Cloth3" parent="StaticProps" instance=ExtResource("41_m27qg")]
transform = Transform3D(0.86602545, 0, 0.5, 0, 1, 0, -0.5, 0, 0.86602545, -3.3095028, 3.5289938, 7.0480237)

[node name="Cabinet2" parent="StaticProps" instance=ExtResource("33_jhawb")]
transform = Transform3D(-4.371139e-08, 0, 1, 0, 1, 0, -1, 0, -4.371139e-08, -16.448318, -0.23604012, -4.9930606)

[node name="Cage_Small2" parent="StaticProps" instance=ExtResource("34_vvxhi")]
transform = Transform3D(1, 0, 0, 0, 1, 0, 0, 0, 1, -14.096518, -0.016060859, -10.771845)

[node name="Workbench2" parent="StaticProps" instance=ExtResource("35_lqam3")]
transform = Transform3D(-0.9126631, 0, -0.4087128, 0, 1, 0, 0.4087128, 0, -0.9126631, -17.061085, -0.026779115, -6.199305)

[node name="Whetstone2" parent="StaticProps" instance=ExtResource("36_itntr")]
transform = Transform3D(0.84295976, 0, 0.53797656, 0, 1, 0, -0.53797656, 0, 0.84295976, -16.993591, 0.85240436, -6.261617)

[node name="Stall_Cart_Empty2" parent="StaticProps" instance=ExtResource("37_uaple")]
transform = Transform3D(0.81519854, 0, -0.57918155, 0, 1, 0, 0.57918155, 0, 0.81519854, -18.97881, -0.48258498, -7.3941016)

[node name="Chest_Wood2" parent="StaticProps" instance=ExtResource("4_la4ae")]
transform = Transform3D(1, 0, 0, 0, 1, 0, 0, 0, 1, -17.874043, -0.2895724, -4.4830766)

[node name="Barrel5" parent="StaticProps" instance=ExtResource("10_7u65c")]
transform = Transform3D(1, 0, 0, 0, 1, 0, 0, 0, 1, -22.76137, -0.36978722, -6.881614)

[node name="Barrel6" parent="StaticProps" instance=ExtResource("10_7u65c")]
transform = Transform3D(1, 0, 0, 0, 1, 0, 0, 0, 1, -19.354265, -0.4542023, -5.5007343)

[node name="Barrel7" parent="StaticProps" instance=ExtResource("10_7u65c")]
transform = Transform3D(1, 0, 0, 0, 1, 0, 0, 0, 1, -19.311647, -0.48727137, -4.7283263)

[node name="Barrel8" parent="StaticProps" instance=ExtResource("10_7u65c")]
transform = Transform3D(1, 0, 0, 0, 1, 0, 0, 0, 1, -22.374123, -0.13347887, -10.259543)

[node name="Barrel9" parent="StaticProps" instance=ExtResource("10_7u65c")]
transform = Transform3D(1, 0, 0, 0, 1, 0, 0, 0, 1, -21.647099, -0.39359862, -10.800288)

[node name="Barrel10" parent="StaticProps" instance=ExtResource("10_7u65c")]
transform = Transform3D(1, 0, 0, 0, 1, 0, 0, 0, 1, -19.88927, -0.262551, -11.081106)

[node name="Barrel11" parent="StaticProps" instance=ExtResource("10_7u65c")]
transform = Transform3D(1, 0, 0, 0, 1, 0, 0, 0, 1, -13.417554, -0.52878803, -6.482727)

[node name="Barrel12" parent="StaticProps" instance=ExtResource("10_7u65c")]
transform = Transform3D(1, 0, 0, 0, 1, 0, 0, 0, 1, -13.291811, -0.39384907, -7.274661)

[node name="Banner_1_Cloth2" parent="StaticProps" instance=ExtResource("38_t22b2")]
transform = Transform3D(1, 0, 0, 0, 1, 0, 0, 0, 1, -16.022797, 2.3490639, -11.508285)

[node name="Banner_1_Cloth3" parent="StaticProps" instance=ExtResource("38_t22b2")]
transform = Transform3D(-4.371139e-08, 0, 1, 0, 1, 0, -1, 0, -4.371139e-08, -23.239925, 2.5492833, -8.476974)

[node name="Bag3" parent="StaticProps" instance=ExtResource("11_gul2x")]
transform = Transform3D(1, 0, 0, 0, 1, 0, 0, 0, 1, -22.278536, -0.31698757, -11.112099)

[node name="Anvil_Log2" parent="StaticProps" instance=ExtResource("39_8o2ev")]
transform = Transform3D(0.7000498, 0, 0.71409404, 0, 1, 0, -0.71409404, 0, 0.7000498, -20.10461, -0.45845577, -4.3268194)

[node name="FarmCrate_Empty3" parent="StaticProps" instance=ExtResource("19_uaple")]
transform = Transform3D(1, 0, 0, 0, 1, 0, 0, 0, 1, -20.09407, -0.47214594, -4.983031)

[node name="Rope_23" parent="StaticProps" instance=ExtResource("10_gs6ep")]
transform = Transform3D(1, 0, 0, 0, 1, 0, 0, 0, 1, -20.131208, -0.48329493, -5.745197)

[node name="Table_Large3" parent="StaticProps" instance=ExtResource("7_oovwa")]
transform = Transform3D(0.70710677, -0.61237246, -0.35355335, 0, 0.49999997, -0.86602545, 0.70710677, 0.61237246, 0.35355335, -19.152145, -0.39715886, -7.068702)

[node name="Stool4" parent="StaticProps" instance=ExtResource("20_t22b2")]
transform = Transform3D(1, 0, 0, 0, 1, 0, 0, 0, 1, -21.997202, -0.36201626, -10.094208)

[node name="Portal_Portal2#Portal" parent="." instance=ExtResource("3_qdqvf")]
transform = Transform3D(0.2687916, 0, 0.41566345, 0, 0.49499997, 0, -0.41566345, 0, 0.2687916, -21.131021, 4.6072383, -9.680573)

[node name="SpawnNode" type="Marker3D" parent="."]
transform = Transform3D(1, 0, 0, 0, 1, 0, 0, 0, 1, 2.0197074, 0.046495914, -0.0066041946)

[node name="DynamicProps" type="Node3D" parent="."]

[node name="Crate" parent="DynamicProps" instance=ExtResource("7_8f7r2")]
transform = Transform3D(0.96821314, 0, 0.25012654, 0, 1, 0, -0.25012654, 0, 0.96821314, -9.076367, -0.8669965, 8.248014)

[node name="Crate2" parent="DynamicProps" instance=ExtResource("7_8f7r2")]
transform = Transform3D(0.9988324, 0, -0.048309356, 0, 1, 0, 0.048309356, 0, 0.9988324, -9.09473, -0.0448218, 7.732506)

[node name="CrateMetal" parent="DynamicProps" instance=ExtResource("8_b8uio")]
transform = Transform3D(0.96821314, 0, 0.25012654, 0.001436252, 0.9999835, -0.005559578, -0.2501224, 0.0057421015, 0.96819717, -9.080351, -0.8467475, 7.065811)

[node name="Crate7" parent="DynamicProps" instance=ExtResource("7_8f7r2")]
transform = Transform3D(-0.020820245, 0, 0.9997832, 0, 1, 0, -0.9997832, 0, -0.020820245, -12.121138, -0.8669965, 11.732832)

[node name="Crate8" parent="DynamicProps" instance=ExtResource("7_8f7r2")]
transform = Transform3D(0.27666065, 0, 0.9609677, 0, 1, 0, -0.9609677, 0, 0.27666065, -12.627059, -0.0448218, 11.63218)

[node name="Crate9" parent="DynamicProps" instance=ExtResource("7_8f7r2")]
transform = Transform3D(0.27666065, 0, 0.9609677, 0, 1, 0, -0.9609677, 0, 0.27666065, -11.515391, -0.68399507, 1.5606232)

[node name="CrateMetal5" parent="DynamicProps" instance=ExtResource("8_b8uio")]
transform = Transform3D(-0.020816222, 0.005588277, 0.9997677, 0.001436252, 0.99998343, -0.005559578, -0.9997822, 0.0013201884, -0.020823926, -13.272586, -0.8467475, 11.464903)

[node name="Crate10" parent="DynamicProps" instance=ExtResource("7_8f7r2")]
transform = Transform3D(0.9999066, 0, -0.013665471, 0, 1, 0, 0.013665471, 0, 0.9999066, -22.478123, 1.8671501, 8.849085)

[node name="Crate11" parent="DynamicProps" instance=ExtResource("7_8f7r2")]
transform = Transform3D(0.9508568, 0, -0.30963108, 0, 1, 0, 0.30963108, 0, 0.9508568, -22.360086, 2.6893249, 8.346935)

[node name="CrateMetal6" parent="DynamicProps" instance=ExtResource("8_b8uio")]
transform = Transform3D(0.99990547, -0.0015120913, -0.013661262, 0.001436252, 0.99998343, -0.005559578, 0.013669457, 0.005539432, 0.99989116, -22.17065, 1.8873991, 7.70756)

[node name="Crate12" parent="DynamicProps" instance=ExtResource("7_8f7r2")]
transform = Transform3D(0.23741469, 0, -0.9714085, 0, 1, 0, 0.9714085, 0, 0.23741469, -18.81706, 0.018652081, -10.826892)

[node name="Crate13" parent="DynamicProps" instance=ExtResource("7_8f7r2")]
transform = Transform3D(-0.061396927, 0, -0.99811345, 0, 1, 0, 0.99811345, 0, -0.061396927, -18.301355, 0.84082687, -10.838496)

[node name="CrateMetal7" parent="DynamicProps" instance=ExtResource("8_b8uio")]
transform = Transform3D(0.23741049, -0.005741608, -0.9713924, 0.0014362523, 0.99998355, -0.005559578, 0.97140837, -7.526099e-05, 0.23741484, -17.634909, 0.03890109, -10.815379)

[node name="CrateMetal2" parent="DynamicProps" instance=ExtResource("8_b8uio")]
transform = Transform3D(0.96821314, 0, 0.25012654, 0, 1, 0, -0.25012654, 0, 0.96821314, -10.066767, -0.8227871, 6.8654046)

[node name="Crate3" parent="DynamicProps" instance=ExtResource("7_8f7r2")]
transform = Transform3D(0.96821314, 0, 0.25012654, 0, 1, 0, -0.25012654, 0, 0.96821314, -9.4534855, 0.102214575, 6.7422814)

[node name="Crate4" parent="DynamicProps" instance=ExtResource("7_8f7r2")]
transform = Transform3D(0.96821314, 0, 0.25012654, 0, 1, 0, -0.25012654, 0, 0.96821314, -9.327694, 0.2828167, 5.585033)

[node name="Crate5" parent="DynamicProps" instance=ExtResource("7_8f7r2")]
transform = Transform3D(0.96821314, 0, 0.25012654, 0, 1, 0, -0.25012654, 0, 0.96821314, -9.387292, 1.0858932, 6.278484)

[node name="Crate6" parent="DynamicProps" instance=ExtResource("7_8f7r2")]
transform = Transform3D(0.96820444, 0.0042411373, 0.25012428, -0.004106325, 0.999991, -0.001060821, -0.25012654, 0, 0.96821314, -9.345533, 0.9209894, 7.460708)

[node name="CrateMetal3" parent="DynamicProps" instance=ExtResource("8_b8uio")]
transform = Transform3D(0.96821314, 0, 0.25012654, 0, 1, 0, -0.25012654, 0, 0.96821314, -9.073828, -0.7373729, 5.2179236)

[node name="CrateMetal4" parent="DynamicProps" instance=ExtResource("8_b8uio")]
transform = Transform3D(0.7688976, 0, 0.6393719, 0, 1, 0, -0.6393719, 0, 0.7688976, -9.544945, 2.145062, 6.9734592)

[node name="Crate14" parent="DynamicProps" instance=ExtResource("7_8f7r2")]
transform = Transform3D(0.9988324, 0, -0.048309356, 0, 1, 0, 0.048309356, 0, 0.9988324, -7.795558, -0.43323052, 7.732506)

[node name="Crate15" parent="DynamicProps" instance=ExtResource("7_8f7r2")]
transform = Transform3D(0.96821314, 0, 0.25012654, 0, 1, 0, -0.25012654, 0, 0.96821314, -8.154313, -0.2861941, 6.7422814)

[node name="Crate16" parent="DynamicProps" instance=ExtResource("7_8f7r2")]
transform = Transform3D(0.96821314, 0, 0.25012654, 0, 1, 0, -0.25012654, 0, 0.96821314, -8.028522, -0.10559195, 5.585033)

[node name="Crate17" parent="DynamicProps" instance=ExtResource("7_8f7r2")]
transform = Transform3D(0.96821314, 0, 0.25012654, 0, 1, 0, -0.25012654, 0, 0.96821314, -8.0881195, 0.6974845, 6.278484)

[node name="Crate18" parent="DynamicProps" instance=ExtResource("7_8f7r2")]
transform = Transform3D(0.96820444, 0.0042411373, 0.25012428, -0.004106325, 0.999991, -0.001060821, -0.25012654, 0, 0.96821314, -8.046361, 0.53258073, 7.460708)

[node name="Book_72" parent="DynamicProps" instance=ExtResource("34_kf4pe")]
transform = Transform3D(1, 0, 0, 0, 1, 0, 0, 0, 1, -16.698277, -0.45175934, 7.3880796)

[node name="CandleStick_Triple2" parent="DynamicProps" instance=ExtResource("35_rp16d")]
transform = Transform3D(0.3631862, 0, 0.93171656, 0, 1, 0, -0.93171656, 0, 0.3631862, -17.40298, -0.46785727, 6.737271)

[node name="Chalice2" parent="DynamicProps" instance=ExtResource("36_by7g0")]
transform = Transform3D(1, 0, 0, 0, 1, 0, 0, 0, 1, -17.180073, -0.45951864, 8.239413)

[node name="dummy" parent="DynamicProps" instance=ExtResource("37_ycwpw")]
transform = Transform3D(0.92367905, 0, 0.38316712, 0, 1, 0, -0.38316712, 0, 0.92367905, 2.1083336, 0.14107996, 5.567391)

[node name="dummy3" parent="DynamicProps" instance=ExtResource("37_ycwpw")]
transform = Transform3D(0.95820284, 0, -0.28608978, 0, 1, 0, 0.28608978, 0, 0.95820284, -2.3068757, 0.12172763, 5.8941607)

[node name="WeaponStand2" parent="DynamicProps" instance=ExtResource("22_0y2vo")]
transform = Transform3D(0.7834257, -0.5516206, -0.2862848, 0.031289898, -0.42505264, 0.90462756, -0.62069744, -0.71766627, -0.31573707, -17.407503, 0.014865041, -6.5565777)

[node name="Stall_Empty2" parent="DynamicProps" instance=ExtResource("46_0y2vo")]
transform = Transform3D(0.55113626, 0, 0.83441526, 0, 1, 0, -0.83441526, 0, 0.55113626, -16.516376, -0.4780338, -8.169494)

[node name="dummy4" parent="DynamicProps" instance=ExtResource("37_ycwpw")]
transform = Transform3D(0.7124426, 0, 0.70173043, 0, 1, 0, -0.70173043, 0, 0.7124426, -20.74996, -0.4249063, -11.246056)

[node name="Camera3D" type="Camera3D" parent="."]
transform = Transform3D(0.9370018, 3.4906038e-09, 0.34932443, 0.05725825, 0.9864751, -0.15358527, -0.34459984, 0.16391139, 0.924329, -16.846191, 4.5623283, -6.7921324)

[node name="Pont" type="Node3D" parent="."]

[node name="Sketchfab_Scene" parent="Pont" instance=ExtResource("6_wu35s")]
transform = Transform3D(-8.742277e-10, -8.742278e-10, 0.02, -0.02, -8.7422775e-10, -8.7422775e-10, 8.742278e-10, -0.02, -8.7422775e-10, -13.25, 2.8, 3.351)

[node name="Sketchfab_Scene2" parent="Pont" instance=ExtResource("6_wu35s")]
transform = Transform3D(-8.742277e-10, -8.742278e-10, 0.02, -0.02, -8.7422775e-10, -8.7422775e-10, 8.742278e-10, -0.02, -8.7422775e-10, -13.25, 2.8, 9.69904)

[node name="Sketchfab_Scene3" parent="Pont" instance=ExtResource("6_wu35s")]
transform = Transform3D(0.02, 8.7422797e-10, 5.551116e-17, 5.5511164e-17, -8.74228e-10, 0.02, 8.7422775e-10, -0.02, -8.742279e-10, -18.031075, -1.743617, 9.69891)

[node name="Sketchfab_Scene4" parent="Pont" instance=ExtResource("6_wu35s")]
transform = Transform3D(0.02, 8.7422797e-10, 5.551116e-17, 5.5511164e-17, -8.74228e-10, 0.02, 8.7422775e-10, -0.02, -8.742279e-10, -18.031075, -1.7284975, 3.3588696)

[node name="Planche" parent="Pont" instance=ExtResource("7_b8uio")]
transform = Transform3D(0.0938998, 0, 0.9955816, 0, 1, 0, -0.9955816, 0, 0.0938998, -13.805458, 3.138503, 6.5051413)

[node name="Sketchfab_Scene5" parent="Pont" instance=ExtResource("6_wu35s")]
transform = Transform3D(0.02, 1.6653345e-16, 8.742278e-10, -2.220446e-16, 0.02, -1.7297442e-17, -8.7422797e-10, -2.220446e-16, 0.02, -18.01509, 2.8, 6.3124466)

[node name="Wand" parent="." instance=ExtResource("40_1n23o")]
transform = Transform3D(-4.371139e-08, -0.7530584, 0.65795374, 0, 0.65795374, 0.7530584, -1, 3.2917228e-08, -2.8760072e-08, -3.2659879, 1.5739566, 1.3460019)

[node name="Elctrodoor" parent="." instance=ExtResource("50_vvxhi")]
transform = Transform3D(1, 0, 0, 0, 1, 0, 0, 0, 1, -22.406263, 1.7652203, 12.701054)

[node name="decals" type="Node3D" parent="."]

[node name="Decal" type="Decal" parent="decals"]
transform = Transform3D(-1, 0, 8.742278e-08, 0, 1, 0, -8.742278e-08, 0, -1, -20.551262, 1.5455081, 12.053487)
size = Vector3(2, 0.21826172, 2)
texture_albedo = ExtResource("51_8o2ev")

[node name="Decal2" type="Decal" parent="decals"]
transform = Transform3D(1, 0, 0, 0, 1, 0, 0, 0, 1, -14.185137, -1.2142745, 0)
size = Vector3(2, 0.29071045, 2)
texture_albedo = ExtResource("52_0y2vo")

[node name="Decal3" type="Decal" parent="decals"]
transform = Transform3D(1.13133405e-08, -1.0000001, 4.2221966e-08, 1.4901161e-08, -4.222196e-08, -0.9999999, 1, 1.1313339e-08, -2.9802322e-08, -11.783684, 5.6003633, 14.614614)
size = Vector3(2, 1.3308105, 2.0024414)
texture_albedo = ExtResource("53_peyjm")

[node name="Decal4" type="Decal" parent="decals"]
transform = Transform3D(0.9659258, -0.25881904, -1.131334e-08, 0, -4.371139e-08, 1, -0.25881904, -0.9659258, -4.222196e-08, -5.1125197, 1.6143825, 8.449109)
size = Vector3(2, 0.9199219, 2)
texture_albedo = ExtResource("54_w64br")

[node name="panneau" type="Node3D" parent="."]
transform = Transform3D(0.89087975, 0, -0.4542393, 0, 1, 0, 0.4542393, 0, 0.89087975, -0.38264775, 0.43989563, 5.6470747)

[node name="MeshInstance3D2" type="MeshInstance3D" parent="panneau"]
transform = Transform3D(0.14355077, 0, 1.8626451e-09, 0, 1.4149779, 0, -5.820766e-11, 0, 3.9015586, 3.9422703, 1.5431232, -1.7089367)
material_override = SubResource("StandardMaterial3D_pqiru")
mesh = SubResource("BoxMesh_kf4pe")
skeleton = NodePath("../..")

[node name="Label3D" type="Label3D" parent="panneau"]
transform = Transform3D(-4.377216e-08, 0, -1, 0, 1, 0, 1, 0, -4.377216e-08, 3.8682756, 1.5779881, -1.7130566)
modulate = Color(0.53083247, 0.4751135, 0.47058702, 1)
text = "Examen de lancer de sorts
offensifs et utilitaires"
font = ExtResource("55_wcd0w")
font_size = 48

[node name="Decal" type="Decal" parent="panneau"]
transform = Transform3D(-0.051986426, -0.99864376, -0.0027100798, 0.0520571, 4.8055053e-08, -0.99864334, 0.9972888, -0.052057028, 0.051986434, 3.8585727, 1.960413, -0.37355423)
size = Vector3(0.6730957, 0.21826172, 0.57556915)
texture_albedo = ExtResource("51_8o2ev")

[node name="Decal2" type="Decal" parent="panneau"]
transform = Transform3D(-0.040486336, -0.9968512, -0.06817365, 0.0022909045, 0.068136655, -0.9976735, 0.99917585, -0.040548295, -0.0004752744, 3.871496, 1.1642231, -2.990596)
size = Vector3(0.83947754, 0.29071045, 0.70635986)
texture_albedo = ExtResource("52_0y2vo")

[node name="Decal3" type="Decal" parent="panneau"]
transform = Transform3D(0, -0.9999999, 4.2221895e-08, 1.4901161e-08, -4.222196e-08, -0.9999999, 0.99999803, -2.9802322e-08, -2.9802292e-08, 3.8633964, 1.2688663, -0.19191837)
size = Vector3(0.76416016, 0.28625488, 0.7703552)
texture_albedo = ExtResource("53_peyjm")

[node name="Decal4" type="Decal" parent="panneau"]
transform = Transform3D(1.4901161e-07, -0.99999964, -4.371139e-08, 0, -4.3711392e-08, 1, -0.99999964, -1.4901161e-07, -3.5527137e-15, 4.005515, 1.8657699, -3.1340845)
size = Vector3(0.7253418, 0.5854492, 0.76950073)
texture_albedo = ExtResource("54_w64br")
